0.1596816 1.072275 -0.7511892 6.270346 3.246238 0.1244906
0.1601604 1.072215 -0.751012 6.272835 3.242141 0.1183966
0.1605953 1.071924 -0.7506763 6.274292 3.239526 0.1154311
0.1612823 1.071693 -0.7505758 6.274812 3.236253 0.1146581
0.1621767 1.07173 -0.7503785 6.273314 3.234052 0.1189205
0.1630216 1.071875 -0.750026 6.270878 3.230971 0.1191988
0.1641926 1.072157 -0.7496794 6.269084 3.225221 0.1153674
0.1654345 1.072428 -0.749407 6.268415 3.217695 0.1106286
0.1666012 1.072549 -0.7491908 6.267723 3.213293 0.1088475
0.1676422 1.072743 -0.7490914 6.26671 3.21225 0.1124736
0.1685804 1.072758 -0.7491583 6.266254 3.213811 0.1185078
0.1693295 1.072752 -0.7490273 6.265949 3.214632 0.1224936
0.1699219 1.072689 -0.749032 6.266635 3.217019 0.1270943
0.1707441 1.072497 -0.7488552 6.267508 3.216486 0.1292975
0.1713518 1.072372 -0.7487767 6.268995 3.216703 0.1291686
0.1718391 1.072208 -0.7486588 6.269901 3.216792 0.1295944
0.1724184 1.071788 -0.7486478 6.273642 3.215667 0.1323802
0.1730138 1.071282 -0.7484723 6.276554 3.215944 0.1391802
0.1733365 1.070883 -0.748483 6.27914 3.217907 0.1442165
0.1733097 1.070908 -0.7483732 6.280288 3.220613 0.1463355
0.1736925 1.07081 -0.7483585 6.282274 3.222023 0.1483369
0.1739455 1.070624 -0.7483472 0.002520076 3.222242 0.1473539
0.1743882 1.070498 -0.7482262 0.006396567 3.221142 0.1460272
0.1751873 1.070592 -0.748275 0.009812094 3.2184 0.1461914
0.1759251 1.070924 -0.7482719 0.01029968 3.215912 0.1532354
0.176628 1.07139 -0.7483923 0.01018915 3.21545 0.1594478
0.1771691 1.072118 -0.7483093 0.009984527 3.21636 0.1672397
0.1780797 1.072775 -0.7480962 0.01161669 3.216456 0.1717875
0.1791229 1.073352 -0.7480656 0.01608053 3.21569 0.1755682
0.1804028 1.074109 -0.748183 0.02294086 3.214827 0.1770542
0.181682 1.075018 -0.7481188 0.02670932 3.213229 0.177245
0.1832293 1.076142 -0.7482199 0.02919011 3.210153 0.1762947
0.1854111 1.077981 -0.7481977 0.02715877 3.203822 0.1768544
0.1872336 1.079549 -0.748311 0.02593447 3.199616 0.1792466
0.1894938 1.081693 -0.7485355 0.02438493 3.196265 0.1867907
0.1916022 1.083443 -0.7487109 0.02413347 3.193872 0.1916255
0.1941841 1.085465 -0.7487208 0.02464955 3.18997 0.1948807
0.1967887 1.087307 -0.7487634 0.02568933 3.18432 0.19778
0.2003664 1.089373 -0.7491214 0.02938041 3.175082 0.1992282
0.2032343 1.091533 -0.7492484 0.03091575 3.168766 0.1999999
0.2064562 1.093852 -0.7493455 0.03072563 3.163831 0.1991959
0.2094573 1.096573 -0.7496862 0.02963226 3.15987 0.1986879
0.2126434 1.100041 -0.7500187 0.02529772 3.155272 0.1948807
0.2158945 1.103197 -0.7502872 0.02311041 3.148846 0.1918021
0.2195902 1.106397 -0.7505321 0.02237671 3.140825 0.189414
0.2234138 1.109537 -0.7507129 0.02347468 3.13339 0.1884398
0.2270401 1.112795 -0.7509668 0.02600918 3.126411 0.1869293
0.2308563 1.11599 -0.7513179 0.02739381 3.120228 0.1831807
0.2347014 1.119494 -0.7515659 0.02714401 3.114595 0.1786782
0.2384681 1.123022 -0.751613 0.02626597 3.108135 0.1782755
0.2429409 1.126961 -0.751707 0.02412574 3.099366 0.1812272
0.2473818 1.130718 -0.7517501 0.0239837 3.086795 0.1798447
0.2522508 1.134217 -0.7516546 0.02466844 3.074216 0.1787698
0.2574322 1.138433 -0.7517349 0.02361559 3.061655 0.1690264
0.2621552 1.142726 -0.7516389 0.02119748 3.052036 0.1601576
0.2667499 1.146851 -0.7513024 0.01960286 3.043269 0.1517194
0.271821 1.150729 -0.751527 0.02270185 3.034617 0.1453954
0.2765713 1.1542 -0.7514657 0.02875363 3.027634 0.137874
0.2809352 1.157826 -0.7511222 0.03283647 3.020472 0.1267531
0.2860219 1.161625 -0.7512686 0.03704003 3.011088 0.1145489
0.2910568 1.165471 -0.7512062 0.03822979 2.998146 0.1036188
0.2959411 1.16979 -0.7506107 0.03748827 2.984622 0.09732405
0.3012499 1.174116 -0.7504585 0.03638192 2.972963 0.09595116
0.3057939 1.178826 -0.7497948 0.03306092 2.96305 0.09696467
0.3107681 1.183406 -0.7493422 0.03057877 2.951889 0.09521665
0.3158776 1.187927 -0.7490984 0.02870037 2.940449 0.08933724
0.32068 1.192436 -0.7483972 0.02725402 2.929305 0.08535669
0.325603 1.196582 -0.7476998 0.02542411 2.917338 0.08614478
0.3306274 1.200957 -0.7474433 0.02232734 2.905889 0.08769668
0.3349925 1.205057 -0.7470415 0.01898928 2.896073 0.09019431
0.339018 1.209492 -0.7463633 0.01570501 2.886146 0.08965097
0.3433373 1.213622 -0.7461013 0.01365998 2.87719 0.08973783
0.3474208 1.217842 -0.7454466 0.01193485 2.867845 0.08997128
0.3513361 1.221693 -0.7450424 0.01205082 2.861978 0.08458713
0.3550892 1.225718 -0.74476 0.01205378 2.857645 0.08013808
0.3582151 1.229807 -0.7443399 0.01234483 2.85339 0.07675712
0.3622147 1.233899 -0.7436965 0.01039605 2.844388 0.07719465
0.3664641 1.238438 -0.7430841 0.005711976 2.831815 0.07776862
0.3705552 1.243031 -0.742357 -3.831647E-05 2.819389 0.07698249
0.3747241 1.247217 -0.7413646 6.2792 2.808517 0.07428532
0.3786399 1.251679 -0.7408915 6.276288 2.799605 0.07144811
0.3819419 1.256217 -0.7402223 6.273004 2.794427 0.07055678
0.3853139 1.260366 -0.739725 6.270796 2.791377 0.07077911
0.3887168 1.264928 -0.7394582 6.267125 2.787784 0.07218707
0.3918554 1.269754 -0.7388893 6.261831 2.783245 0.07386047
0.3954544 1.274539 -0.7382751 6.256279 2.77556 0.07714045
0.3992984 1.279507 -0.7374654 6.248892 2.765 0.08383517
0.4028889 1.284865 -0.736272 6.241229 2.755942 0.09079631
0.4063228 1.290016 -0.7356035 6.234721 2.748438 0.09599613
0.4094596 1.295202 -0.7350208 6.229243 2.742884 0.09540595
0.4129632 1.300396 -0.734051 6.224133 2.735373 0.09651863
0.4163972 1.305415 -0.733117 6.219736 2.726527 0.09789422
0.4197631 1.310551 -0.7321606 6.214401 2.71715 0.09929812
0.4229925 1.31576 -0.7312882 6.207692 2.709122 0.100811
0.4258533 1.32098 -0.7302103 6.201088 2.701895 0.1031506
0.4288567 1.32603 -0.7296153 6.19605 2.696884 0.109664
0.4316961 1.331144 -0.7288194 6.19069 2.691555 0.1146074
0.4346274 1.336348 -0.7280891 6.183727 2.685591 0.1184558
0.4379601 1.341751 -0.7273412 6.176575 2.675756 0.1216511
0.4409109 1.346948 -0.7264829 6.170095 2.66631 0.1226425
0.444198 1.351777 -0.7252722 6.164213 2.656452 0.1246307
0.4471527 1.356855 -0.7245398 6.159508 2.649632 0.1257002
0.449859 1.362214 -0.723716 6.155447 2.644441 0.1215719
0.4528302 1.367109 -0.7228537 6.151293 2.637404 0.12385
0.4555063 1.372413 -0.7224813 6.146778 2.631539 0.1252824
0.4578025 1.377781 -0.7219441 6.141365 2.625799 0.1275404
0.4602784 1.383369 -0.7215502 6.133999 2.619405 0.1341703
0.4629036 1.389125 -0.7212243 6.125397 2.61171 0.143725
0.4650712 1.39497 -0.7209412 6.117831 2.605612 0.1489978
0.4673611 1.400828 -0.7209055 6.112614 2.600489 0.1514109
0.4693855 1.406316 -0.7209799 6.108248 2.597063 0.152924
0.4713365 1.412304 -0.7208012 6.102621 2.593944 0.1544983
0.4732937 1.418069 -0.7209146 6.097742 2.592344 0.1569961
0.4753829 1.423972 -0.7211436 6.093281 2.589397 0.1603197
0.4773412 1.429842 -0.7211498 6.088502 2.584887 0.1621025
0.4796296 1.435669 -0.7209234 6.084525 2.579335 0.1631126
0.4820596 1.441624 -0.7205534 6.081566 2.572625 0.1663848
0.4840357 1.447848 -0.7200596 6.078019 2.566639 0.1650972
0.4866735 1.453633 -0.7192105 6.073891 2.558642 0.1698251
0.4895872 1.459703 -0.7183857 6.068546 2.5482 0.1804556
0.492355 1.466004 -0.7173496 6.062603 2.539173 0.1893349
0.4951782 1.472203 -0.7162257 6.056516 2.530418 0.1985081
0.4981753 1.478509 -0.7153875 6.053524 2.521293 0.2077775
0.500632 1.484792 -0.7143529 6.050678 2.512554 0.2135074
0.5030789 1.491167 -0.7133626 6.046421 2.507398 0.2143818
0.5049659 1.498371 -0.7126398 6.037195 2.506225 0.2135442
0.5070361 1.505409 -0.7118633 6.030142 2.504092 0.2207698
0.5092871 1.512491 -0.7108144 6.021096 2.500324 0.2300628
0.5114584 1.519467 -0.7102412 6.014321 2.496779 0.235929
0.5134002 1.526543 -0.7093702 6.00772 2.491933 0.2424273
0.5153798 1.533684 -0.7085607 6.000377 2.488248 0.2426758
0.5172193 1.54075 -0.7078029 5.992438 2.4851 0.2455219
0.5186673 1.548003 -0.707023 5.984095 2.482675 0.2501999
0.5198439 1.55529 -0.7064723 5.973533 2.484676 0.2553582
0.521295 1.562581 -0.7061117 5.964489 2.483886 0.2594464
0.5221252 1.569989 -0.7052474 5.954711 2.480613 0.2670442
0.5236679 1.576819 -0.70429 5.947033 2.473173 0.2750886
0.5249414 1.583645 -0.7037757 5.94175 2.467613 0.2809033
0.525751 1.590325 -0.7035114 5.937397 2.467415 0.2829655
0.5265186 1.596924 -0.7030295 5.930285 2.468567 0.2875464
0.5266584 1.604073 -0.7030079 5.920139 2.471759 0.2918322
0.5265063 1.611351 -0.7025812 5.908631 2.472565 0.2965675
0.5266045 1.618356 -0.702027 5.896928 2.472017 0.3047997
0.5268201 1.625543 -0.7015094 5.887519 2.472351 0.3094397
0.5264162 1.632171 -0.701385 5.880344 2.473576 0.3158242
0.5262979 1.63891 -0.7010059 5.871833 2.472794 0.3231104
0.5259249 1.645742 -0.7006946 5.863702 2.472669 0.3286731
0.5249422 1.652657 -0.7004867 5.855192 2.474216 0.3307442
0.5240045 1.659086 -0.7004217 5.847528 2.477098 0.3355631
0.5232123 1.665841 -0.7004527 5.839283 2.479122 0.342945
0.5218667 1.672769 -0.7003993 5.82883 2.480559 0.3534314
0.5209056 1.679423 -0.7001542 5.819644 2.479304 0.3622429
0.5198618 1.686079 -0.7001913 5.812392 2.479959 0.3692079
0.5180582 1.692665 -0.7009341 5.806296 2.486071 0.3741991
0.5165306 1.699282 -0.7012365 5.798014 2.491405 0.379264
0.514539 1.706287 -0.7019649 5.788819 2.497945 0.3814153
0.5124708 1.713406 -0.702222 5.778445 2.501106 0.389501
0.5107604 1.720316 -0.7022194 5.768077 2.504052 0.3976043
0.5088056 1.727448 -0.7023746 5.759005 2.507508 0.4004951
0.5064712 1.734608 -0.7023 5.752066 2.510956 0.4028336
0.5045506 1.741504 -0.7021343 5.743917 2.512524 0.4108575
0.502333 1.748782 -0.70219 5.73407 2.516584 0.415745
0.4995593 1.756267 -0.7021385 5.72131 2.523929 0.4210334
0.4971114 1.763636 -0.7020344 5.708425 2.52913 0.4301968
0.4947472 1.771175 -0.7017505 5.696464 2.532174 0.4391289
0.4917991 1.778518 -0.7017913 5.688339 2.536866 0.4399896
0.4888194 1.785777 -0.7019346 5.680358 2.544654 0.4372155
0.4855249 1.793229 -0.7021189 5.669844 2.554624 0.4342958
0.4817291 1.80097 -0.7019913 5.655448 2.563293 0.4371905
0.4784482 1.808507 -0.7016128 5.640514 2.570399 0.4446812
0.4748361 1.81608 -0.7011722 5.62276 2.577541 0.4558703
0.4706975 1.823685 -0.7008739 5.608763 2.586874 0.4523396
0.4670756 1.83069 -0.700693 5.598892 2.595433 0.4491439
0.4636991 1.837297 -0.7002839 5.593941 2.60078 0.4499616
0.4598435 1.844051 -0.6998885 5.583664 2.606791 0.4543941
0.4560212 1.850758 -0.6992765 5.570658 2.614733 0.457204
0.451491 1.857341 -0.6985688 5.555955 2.627738 0.4531573
0.4471129 1.863748 -0.6980267 5.544062 2.638665 0.4517007
0.4432513 1.869336 -0.6971154 5.534414 2.645869 0.4508459
0.4395427 1.87479 -0.6964016 5.526597 2.650124 0.4494211
0.4358698 1.880052 -0.6958797 5.518697 2.655266 0.4503788
0.4320256 1.884634 -0.6954643 5.511657 2.662019 0.4519783
0.4281149 1.889535 -0.6950197 5.504558 2.669223 0.4534283
0.4241712 1.893647 -0.6950224 5.500573 2.677441 0.45672
0.4200841 1.897453 -0.6947637 5.495478 2.686955 0.4579132
0.4158576 1.901654 -0.694558 5.488889 2.695468 0.459839
0.4111174 1.905814 -0.694288 5.481042 2.70429 0.461249
0.4065895 1.909787 -0.69383 5.472783 2.715358 0.4609142
0.4016844 1.913757 -0.693399 5.46367 2.728866 0.4571427
0.3968873 1.917361 -0.6930962 5.45534 2.740618 0.4548125
0.3921432 1.920833 -0.6924567 5.447392 2.750661 0.4550215
0.387211 1.923932 -0.6921791 5.441501 2.761878 0.4490719
0.3817248 1.92669 -0.692152 5.43697 2.775813 0.4397524
0.3765892 1.929073 -0.6921173 5.43262 2.788828 0.4374851
0.3714157 1.931305 -0.692129 5.427385 2.800891 0.4342878
0.3663524 1.933295 -0.6921405 5.421707 2.813877 0.4261105
0.3609517 1.935245 -0.691932 5.417772 2.827939 0.416152
0.3556587 1.936536 -0.6920173 5.416284 2.842027 0.4088578
0.3499292 1.937729 -0.6919162 5.413471 2.855864 0.4000266
0.3443433 1.938783 -0.6917379 5.40903 2.869493 0.3898664
0.3389091 1.939587 -0.6915854 5.404915 2.880985 0.3841321
0.3334635 1.939511 -0.6915654 5.402282 2.891119 0.3785165
0.328077 1.939667 -0.6918796 5.401715 2.904906 0.368013
0.3230184 1.938987 -0.6921412 5.404508 2.91936 0.3561492
0.3181987 1.937828 -0.6927726 5.406394 2.928985 0.3548871
0.3129416 1.936712 -0.6934862 5.406186 2.940354 0.353851
0.3077573 1.935553 -0.6940263 5.406151 2.95244 0.3500943
0.3025742 1.933921 -0.6948203 5.407683 2.964734 0.3450086
0.2971102 1.932235 -0.6956235 5.409563 2.977632 0.3386867
0.2921731 1.930312 -0.6965189 5.412348 2.98767 0.3344846
0.2873689 1.928153 -0.6974793 5.41566 2.996245 0.3334912
0.2820708 1.926229 -0.6981766 5.417762 3.007747 0.3307743
0.276987 1.923841 -0.6989499 5.420703 3.020034 0.3252587
0.2717069 1.921465 -0.699643 5.42474 3.032559 0.3134521
0.2663699 1.919138 -0.7003834 5.427685 3.044561 0.3016057
0.2612494 1.916661 -0.7011464 5.430452 3.055628 0.2930091
0.2561809 1.913793 -0.7020609 5.432995 3.067761 0.2870493
0.2509885 1.910909 -0.7028307 5.436272 3.081524 0.2784508
0.2458552 1.907536 -0.7039696 5.440606 3.095529 0.2717876
0.2406509 1.904096 -0.7050596 5.444689 3.108508 0.2636889
0.2354729 1.900841 -0.7063815 5.449553 3.121193 0.2529657
0.2304826 1.896851 -0.7075461 5.456665 3.133286 0.2442009
0.2262025 1.89271 -0.7090122 5.462875 3.143194 0.2414566
0.2215552 1.888718 -0.710127 5.466712 3.153169 0.2421156
0.2174169 1.884416 -0.7112016 5.471115 3.163402 0.2387161
0.2131243 1.880312 -0.7126219 5.4773 3.173328 0.2319436
0.2098522 1.875281 -0.7136332 5.487695 3.177628 0.2282729
0.2065353 1.870536 -0.7148036 5.496184 3.181943 0.2257272
0.2038721 1.865633 -0.7159036 5.5041 3.184256 0.2248164
0.2007947 1.860898 -0.7169054 5.511388 3.188442 0.2234163
0.1981462 1.855819 -0.7180307 5.518201 3.191273 0.226523
0.1956072 1.850903 -0.7191176 5.524347 3.196643 0.2288785
0.1931204 1.845876 -0.7198991 5.530556 3.202691 0.2293239
0.1912246 1.840964 -0.7208097 5.536788 3.20562 0.2342885
0.1888716 1.836234 -0.7219045 5.543522 3.206937 0.2389241
0.1872146 1.831151 -0.7225182 5.551401 3.20708 0.239427
0.1855431 1.825995 -0.72331 5.56079 3.209404 0.2338406
0.1838614 1.820958 -0.7241524 5.569024 3.212171 0.2312976
0.1824971 1.81584 -0.7248564 5.576089 3.214821 0.2314892
0.1818565 1.810436 -0.7255864 5.581541 3.21503 0.2402729
0.1812298 1.805146 -0.7264447 5.588056 3.214702 0.2470884
0.180914 1.799666 -0.7269302 5.596611 3.210752 0.252617
0.1805481 1.794211 -0.7276418 5.607298 3.207741 0.2531351
0.1802198 1.788755 -0.7282644 5.616071 3.207621 0.2536576
0.1795539 1.783617 -0.7288385 5.624164 3.209841 0.2466467
0.1791577 1.778395 -0.7294822 5.631032 3.210521 0.2487524
0.1786575 1.773243 -0.7303711 5.637588 3.210203 0.2562916
0.1783856 1.767828 -0.7308236 5.642516 3.209285 0.2673076
0.178243 1.762283 -0.7314101 5.647577 3.208693 0.2773929
0.1781383 1.756503 -0.7317785 5.653701 3.208805 0.2811589
0.1779002 1.749948 -0.7319212 5.664293 3.210484 0.2751276
0.1778705 1.743518 -0.7323551 5.675391 3.211508 0.2748319
0.1781476 1.736316 -0.732933 5.688244 3.210578 0.2796704
0.1791849 1.72897 -0.73358 5.700323 3.201592 0.3002054
0.1803594 1.721662 -0.7342454 5.710293 3.18862 0.3272499
0.181283 1.714693 -0.7348452 5.720403 3.18016 0.3417867
0.1815516 1.707649 -0.7353556 5.733452 3.174505 0.3486581
0.1812059 1.700924 -0.7359046 5.747264 3.174844 0.3504989
0.1806728 1.694347 -0.7364061 5.75856 3.176024 0.3514841
0.1796635 1.688371 -0.7366719 5.765579 3.178827 0.3504639
0.1790473 1.682097 -0.7371609 5.773326 3.176799 0.3599124
0.1784115 1.676363 -0.7374719 5.779194 3.176189 0.3690223
0.1775736 1.670427 -0.7374283 5.787084 3.178864 0.3707304
0.1772493 1.664361 -0.7375113 5.79627 3.180646 0.3740082
0.1769742 1.658359 -0.737457 5.805634 3.180163 0.3766896
0.1771644 1.651304 -0.7371079 5.819579 3.175113 0.3761981
0.177332 1.645384 -0.7370312 5.831168 3.172481 0.3783172
0.1775308 1.63877 -0.7368249 5.843952 3.170914 0.3794331
0.1777166 1.632362 -0.7367344 5.855843 3.16954 0.3814549
0.1779208 1.626033 -0.7366948 5.866183 3.168231 0.3839163
0.1781863 1.619895 -0.7363184 5.875151 3.168539 0.3844554
0.1784204 1.613902 -0.7358446 5.884469 3.168473 0.3840778
0.1793141 1.607903 -0.7352784 5.893694 3.164272 0.3930041
0.1801659 1.601962 -0.7347482 5.901814 3.159125 0.4024145
0.181458 1.596332 -0.7338408 5.90842 3.153101 0.4113236
0.1825247 1.590667 -0.7331046 5.917564 3.149672 0.4159703
0.1835501 1.584961 -0.7325163 5.928728 3.1467 0.4156251
0.1844854 1.579314 -0.7318891 5.940841 3.144991 0.4089913
0.1852832 1.573621 -0.7312747 5.951843 3.143473 0.4067574
0.1863573 1.568129 -0.7305436 5.961908 3.140404 0.4133304
0.1873747 1.56269 -0.7297301 5.970665 3.136642 0.4191687
0.1882944 1.557587 -0.7290658 5.978008 3.133257 0.4221065
0.1888362 1.552573 -0.7283263 5.985203 3.13295 0.421458
0.1889213 1.547897 -0.7278816 5.992719 3.135642 0.4187622
0.1888199 1.543659 -0.7272953 5.998507 3.140704 0.414979
0.1887404 1.539302 -0.7268449 6.004173 3.144108 0.4126841
0.1887183 1.535031 -0.7260725 6.008788 3.146299 0.4122897
0.1890435 1.530567 -0.7255793 6.016333 3.144779 0.4119801
0.1892129 1.526264 -0.7252202 6.024211 3.144392 0.4109264
0.1894859 1.521827 -0.7246647 6.033078 3.143736 0.4117109
0.1898911 1.517386 -0.7241372 6.040566 3.142676 0.4141232
0.1905305 1.513059 -0.723489 6.047389 3.140293 0.4179918
0.1909865 1.509331 -0.7229097 6.053852 3.139135 0.4184618
0.1915761 1.505293 -0.7224756 6.061057 3.138247 0.4204057
0.191896 1.501951 -0.721879 6.066137 3.137666 0.4183345
0.1921866 1.498979 -0.7212968 6.0699 3.137315 0.4195419
0.1929665 1.496341 -0.72058 6.073577 3.135935 0.4219866
0.1932542 1.493824 -0.7201674 6.07854 3.134822 0.4213361
0.1936146 1.491205 -0.7196302 6.08463 3.133049 0.4210959
0.1940902 1.488751 -0.7191732 6.090018 3.132071 0.4196903
0.1945291 1.486585 -0.7188368 6.094684 3.131795 0.4197672
0.1946652 1.484864 -0.7184638 6.097017 3.132983 0.4212724
0.1950172 1.483107 -0.7182363 6.099491 3.132856 0.4240665
0.1952527 1.482307 -0.7181849 6.100149 3.133058 0.4258949
0.1954399 1.481386 -0.7179198 6.101388 3.13259 0.4296256
0.195805 1.480837 -0.7177891 6.102492 3.131795 0.4322446
0.1961081 1.480213 -0.7175891 6.103875 3.131149 0.4339112
0.1964387 1.480255 -0.717499 6.104962 3.129579 0.4354408
0.1966294 1.480691 -0.7174323 6.104922 3.1294 0.4333412
0.1965953 1.481194 -0.7173972 6.10435 3.130874 0.4331055
0.1965584 1.482137 -0.7173358 6.102267 3.131704 0.4382181
0.1969537 1.483559 -0.7172594 6.09933 3.129878 0.4398871
0.1972699 1.484957 -0.7173738 6.099197 3.126415 0.4398297
0.197502 1.486157 -0.7174537 6.099773 3.124259 0.4390851
0.1976584 1.487823 -0.717755 6.10041 3.124565 0.4338524
0.1973386 1.489991 -0.7181178 6.09721 3.126987 0.4316178
0.1970519 1.492409 -0.7183712 6.091232 3.1287 0.4365437
0.1970183 1.495109 -0.7186997 6.084246 3.129204 0.4427057
0.1969603 1.497676 -0.7190872 6.078961 3.129187 0.446588
0.1969041 1.500403 -0.7194339 6.075523 3.12872 0.4479368
0.1969723 1.503017 -0.7199023 6.073483 3.128106 0.4460988
0.1972377 1.50576 -0.7204016 6.073532 3.126976 0.4396977
0.1973207 1.508903 -0.7210304 6.069968 3.126975 0.4386932
0.1975056 1.512255 -0.7215341 6.063919 3.127996 0.4420898
0.1977015 1.515962 -0.7220726 6.056604 3.128037 0.4475241
0.1980162 1.519646 -0.7225185 6.050662 3.126579 0.4512558
0.1985749 1.523479 -0.7228882 6.046405 3.124383 0.4540257
0.1990073 1.527084 -0.723395 6.042062 3.122803 0.4570352
0.1993722 1.531066 -0.7239276 6.03707 3.121804 0.4582609
0.1997895 1.535133 -0.7245362 6.032489 3.120712 0.4573157
0.2001313 1.539332 -0.7250689 6.026824 3.119559 0.4594189
0.2004933 1.543714 -0.725664 6.020241 3.118506 0.4636541
0.200615 1.54817 -0.7260784 6.014315 3.117542 0.4703713
0.2009335 1.552478 -0.7265816 6.008715 3.116658 0.4761201
0.201161 1.557109 -0.7269748 6.002589 3.116368 0.480056
0.2011842 1.561773 -0.7274233 5.997021 3.116698 0.4801233
0.2011244 1.566452 -0.7278092 5.994696 3.118943 0.476329
0.2011205 1.571201 -0.7282585 5.991081 3.121369 0.4755699
0.200648 1.576123 -0.7290186 5.986074 3.126129 0.4784116
0.2004322 1.581078 -0.7296125 5.979386 3.128423 0.485352
0.200078 1.586547 -0.7301407 5.969281 3.130731 0.4911505
0.199734 1.592361 -0.7305781 5.958875 3.132786 0.4888191
0.1994284 1.598112 -0.7309302 5.950351 3.134952 0.4847146
0.1994176 1.603698 -0.7309865 5.942187 3.136434 0.4860205
0.1996876 1.609418 -0.7310222 5.934004 3.134351 0.4874136
0.2000554 1.615169 -0.7308706 5.925422 3.130754 0.4888449
0.2002254 1.620995 -0.7307638 5.91675 3.129375 0.4895996
0.1997035 1.626849 -0.7306622 5.909698 3.131014 0.4857861
0.1994631 1.63251 -0.7305816 5.902044 3.132924 0.4856903
0.1992121 1.638201 -0.7305726 5.894506 3.13395 0.4853721
0.1988376 1.643865 -0.7305685 5.886873 3.134181 0.4851069
0.1984974 1.649329 -0.7304635 5.877966 3.136104 0.4866222
0.1978815 1.654848 -0.7304865 5.869658 3.138201 0.4880526
0.196807 1.660382 -0.7304848 5.861948 3.139973 0.4907733
0.1961524 1.665658 -0.7304559 5.854665 3.14142 0.4929037
0.195361 1.670923 -0.7304883 5.847633 3.143236 0.4956926
0.1945026 1.676246 -0.730472 5.840496 3.145823 0.4978761
0.1934605 1.681323 -0.7302222 5.833108 3.150868 0.4987129
0.1923211 1.686488 -0.7302208 5.826985 3.154599 0.4989547
0.1917311 1.691424 -0.7301647 5.821881 3.15584 0.5041367
0.1908642 1.696684 -0.7300268 5.815488 3.15684 0.5100629
0.1900047 1.701952 -0.7296982 5.807641 3.158357 0.5144927
0.1893415 1.707305 -0.7292291 5.799175 3.157936 0.5197631
0.188749 1.712713 -0.7284921 5.791002 3.157014 0.5240985
0.1878017 1.718024 -0.7277727 5.783772 3.158754 0.5264195
0.1865717 1.723337 -0.7273489 5.777478 3.161915 0.5247687
0.1851919 1.728367 -0.726702 5.770885 3.165638 0.529169
0.1836584 1.733707 -0.726291 5.763425 3.16887 0.5327507
0.1817559 1.739361 -0.725596 5.754538 3.17378 0.5333971
0.1794752 1.74512 -0.7250965 5.745347 3.182029 0.5329369
0.1774178 1.7506 -0.724418 5.736517 3.188847 0.5335211
0.1751562 1.756104 -0.723608 5.728191 3.194513 0.5342677
0.1730152 1.761546 -0.7228402 5.719825 3.198989 0.5357786
0.1709346 1.766899 -0.7219014 5.711793 3.20383 0.5375778
0.1688071 1.771881 -0.7211075 5.70647 3.208736 0.5340671
0.1664157 1.77704 -0.7202724 5.700659 3.214796 0.5305009
0.1637926 1.782012 -0.7193185 5.695333 3.221318 0.5284832
0.1609622 1.787039 -0.7183101 5.688416 3.228806 0.5296078
0.158003 1.792143 -0.7167325 5.678373 3.237875 0.5300096
0.1552891 1.797396 -0.7153583 5.669354 3.24419 0.5312315
0.1524494 1.8025 -0.7139591 5.660706 3.248803 0.532868
0.1492406 1.807622 -0.712369 5.652887 3.255575 0.5304957
0.1461138 1.812605 -0.7107296 5.646832 3.262441 0.5286317
0.1428565 1.817389 -0.7092558 5.640372 3.269008 0.5282505
0.1394449 1.822307 -0.7074617 5.631911 3.277011 0.5290334
0.1360441 1.827368 -0.7056439 5.62272 3.285014 0.5285823
0.1324403 1.832415 -0.7036842 5.611723 3.293517 0.5291424
0.1286215 1.837227 -0.7015083 5.602456 3.30285 0.5291527
0.1250135 1.842023 -0.6995186 5.594655 3.311348 0.5298712
0.1213125 1.846602 -0.6975113 5.587747 3.320254 0.529895
0.1174545 1.851177 -0.695104 5.580895 3.331904 0.5210647
0.1135534 1.855839 -0.6924797 5.57338 3.343711 0.5154869
0.1098431 1.860312 -0.68968 5.565407 3.355412 0.5075568
0.1063713 1.864796 -0.6866404 5.555448 3.366283 0.5028301
0.1029814 1.869227 -0.6834979 5.544905 3.376666 0.4989803
0.09991205 1.873369 -0.6803643 5.5363 3.383522 0.490795
0.09698367 1.877059 -0.677543 5.531306 3.385955 0.4894048
0.09359276 1.880597 -0.6749238 5.527505 3.388885 0.488616
0.08996475 1.884278 -0.6722065 5.522547 3.398494 0.4789454
0.08589363 1.887916 -0.6693409 5.516768 3.410704 0.4713233
0.08119178 1.891382 -0.6664011 5.50993 3.425881 0.4681123
0.0768168 1.89476 -0.6634585 5.501853 3.439533 0.4655072
0.07277584 1.897825 -0.6601816 5.495067 3.450527 0.461742
0.06848586 1.900841 -0.6569066 5.488679 3.459738 0.4612847
0.06484985 1.904027 -0.6535596 5.4825 3.467849 0.4617954
0.06083584 1.90684 -0.6502512 5.476402 3.477489 0.4584768
0.05644095 1.909838 -0.6467596 5.471442 3.488625 0.4530509
0.05217528 1.912145 -0.6438044 5.468002 3.499007 0.4490429
0.04749799 1.914539 -0.6407613 5.463722 3.511787 0.4432893
0.04272127 1.916897 -0.6375116 5.459105 3.524009 0.4384083
0.03847992 1.918613 -0.6346071 5.454031 3.533875 0.4390827
0.03341603 1.920417 -0.6315795 5.448426 3.542406 0.4418883
0.02875888 1.921857 -0.6286092 5.444244 3.550921 0.4454218
0.02406001 1.923095 -0.6258503 5.442759 3.560816 0.4456103
0.01828241 1.92444 -0.6229296 5.441172 3.574736 0.4396552
0.01293814 1.925727 -0.6198429 5.438905 3.589057 0.4325019
0.007260919 1.926719 -0.6168895 5.437651 3.607041 0.4222862
-0.006358862 1.928592 -0.6092272 5.434029 3.642874 0.4070707
-0.01555085 1.9303 -0.603712 5.429596 3.664028 0.4000357
-0.02125227 1.930856 -0.5997874 5.426328 3.675481 0.3951474
-0.02625 1.931481 -0.5962312 5.424464 3.689857 0.3858688
-0.03206599 1.931831 -0.5928297 5.42486 3.703411 0.3785524
-0.04356158 1.931946 -0.5852451 5.423392 3.734801 0.3623572
-0.04968059 1.932057 -0.5816725 5.421723 3.752644 0.3546163
-0.05565584 1.93192 -0.5773923 5.42084 3.768553 0.3468951
-0.06646419 1.930804 -0.57024 5.419292 3.795881 0.3372799
-0.07750964 1.927632 -0.5639582 5.421361 3.805737 0.349516
-0.08926463 1.923612 -0.5578587 5.426971 3.835868 0.3412181
-0.09995365 1.917215 -0.5525464 5.436356 3.855676 0.3447719
-0.1100616 1.910895 -0.5469332 5.446456 3.870973 0.3394346
-0.1198531 1.903529 -0.5419353 5.457187 3.888533 0.3309068
-0.127691 1.895435 -0.5375283 5.463641 3.895851 0.3368977
-0.1369618 1.886988 -0.533499 5.473102 3.906137 0.3344814
-0.1459764 1.87705 -0.530432 5.48597 3.929235 0.3246731
-0.153921 1.866302 -0.5277689 5.50007 3.943498 0.3241445
-0.1600881 1.854624 -0.5269657 5.518074 3.940673 0.3343463
-0.1646291 1.842724 -0.5264745 5.532407 3.936711 0.3493823
-0.1673585 1.829664 -0.5275173 5.54563 3.916157 0.3717497
-0.1733992 1.815644 -0.5282196 5.570533 3.927373 0.3566923
-0.1800436 1.801652 -0.5285178 5.590454 3.938063 0.3596918
-0.1852114 1.786951 -0.5299932 5.608669 3.937657 0.3783883
-0.1889445 1.771184 -0.5316727 5.629333 3.93269 0.3898737
-0.1928589 1.754929 -0.5338975 5.654474 3.927675 0.3926819
-0.196727 1.738037 -0.5368971 5.683426 3.921669 0.4040755
-0.1998376 1.722375 -0.5389993 5.701069 3.919325 0.4137193
-0.2015548 1.707377 -0.5407785 5.715551 3.921114 0.4136312
-0.201051 1.691896 -0.5432808 5.735572 3.911332 0.4153673
-0.1996416 1.675795 -0.547647 5.759454 3.888156 0.4345849
-0.1985635 1.659568 -0.5512658 5.778505 3.876221 0.4521986
-0.1986431 1.643796 -0.5541285 5.797266 3.877082 0.4508062
-0.197661 1.627756 -0.5576443 5.818066 3.868916 0.4535097
-0.196326 1.611457 -0.5616119 5.840032 3.856211 0.4666271
-0.1950164 1.595123 -0.5653318 5.863416 3.850633 0.4722551
-0.1928781 1.578832 -0.5693784 5.886691 3.837338 0.4854271
-0.1904341 1.563239 -0.5729002 5.906194 3.828731 0.4911674
-0.1877925 1.54811 -0.5758029 5.927558 3.824725 0.4858029
-0.1838255 1.533102 -0.5789349 5.946484 3.812959 0.4899515
-0.1797432 1.519051 -0.5822041 5.962654 3.79897 0.5008076
-0.1772126 1.511861 -0.583364 5.971172 3.795225 0.4995262
-0.1753209 1.504529 -0.5846602 5.981516 3.793453 0.4971422
-0.1733004 1.497075 -0.5859749 5.991788 3.790409 0.4985115
-0.1710192 1.489599 -0.5873834 6.001143 3.786014 0.5030013
-0.1686705 1.4824 -0.5886503 6.008692 3.781223 0.5090492
-0.1661026 1.475281 -0.5899456 6.016036 3.77567 0.5138232
-0.1634951 1.4684 -0.5911298 6.023122 3.770353 0.515375
-0.160756 1.461471 -0.5923064 6.032017 3.763953 0.514709
-0.1580471 1.45441 -0.5933962 6.04184 3.756968 0.5154924
-0.1552298 1.447608 -0.5946135 6.051799 3.750479 0.5122377
-0.1524627 1.441005 -0.5957558 6.060594 3.745096 0.5094575
-0.149917 1.434775 -0.5969543 6.067064 3.741398 0.5117105
-0.1471298 1.428755 -0.5978662 6.071368 3.738144 0.5154208
-0.1441635 1.423023 -0.5987295 6.073685 3.734407 0.5156416
-0.1414627 1.417549 -0.5997975 6.077245 3.729635 0.5142692
-0.1381679 1.411635 -0.6006967 6.082405 3.724462 0.5130489
-0.1350096 1.405721 -0.6017439 6.09051 3.719829 0.5082691
-0.1347731 1.402918 -0.6046919 6.097071 3.714456 0.5041624
-0.129347 1.395963 -0.6042123 6.097161 3.706388 0.5004594
-0.1255876 1.39049 -0.6051088 6.098336 3.699803 0.5006022
-0.1224806 1.385422 -0.6059487 6.09962 3.694425 0.5014369
-0.118585 1.379198 -0.6061428 6.102409 3.692409 0.5029688
-0.1148008 1.373679 -0.6070976 6.105822 3.689861 0.5031011
-0.1117181 1.368346 -0.6077268 6.110158 3.686222 0.5019067
-0.1075931 1.362313 -0.608218 6.115307 3.679134 0.5019351
-0.1037188 1.356687 -0.60927 6.121415 3.673731 0.4985271
-0.1000737 1.351132 -0.6099293 6.127326 3.669609 0.4972102
-0.09612548 1.345396 -0.6104978 6.132147 3.665084 0.4958327
-0.09231746 1.340449 -0.6113249 6.133545 3.661922 0.4892634
-0.08867085 1.335485 -0.6119335 6.136386 3.658601 0.4837734
-0.08449388 1.329684 -0.612291 6.141491 3.653839 0.4818525
-0.08046234 1.324451 -0.6129537 6.146827 3.648134 0.4783234
-0.07670343 1.319159 -0.6135522 6.152387 3.644213 0.4732494
-0.07307732 1.314025 -0.6141613 6.156311 3.642375 0.4662083
-0.06926918 1.30873 -0.6146262 6.159976 3.639998 0.464283
-0.0653671 1.303375 -0.6152244 6.164928 3.635003 0.4642131
-0.0610683 1.297628 -0.6157685 6.17051 3.629753 0.4644318
-0.05703998 1.292369 -0.6164234 6.174853 3.625921 0.4596321
-0.05309081 1.287332 -0.6169308 6.178405 3.623632 0.4544177
-0.04896343 1.282099 -0.6171947 6.182365 3.622485 0.447314
-0.04479611 1.276913 -0.6176481 6.187733 3.619416 0.4407204
-0.03982711 1.271767 -0.6183422 6.195128 3.613111 0.435005
-0.03509378 1.266507 -0.6189332 6.202278 3.606672 0.4276684
-0.03051186 1.261404 -0.6194678 6.207475 3.601134 0.419806
-0.02606535 1.256648 -0.6198518 6.209404 3.594893 0.4136212
-0.02138221 1.251848 -0.6202931 6.210895 3.588318 0.4148157
-0.01667321 1.246873 -0.6207873 6.214403 3.58189 0.421466
-0.01194382 1.241896 -0.6214334 6.219309 3.575633 0.4221865
-0.007356286 1.237046 -0.6219363 6.224785 3.570605 0.4156888
-0.002996802 1.232234 -0.6223916 6.231108 3.567964 0.4073583
0.001584411 1.227836 -0.6228583 6.234925 3.564564 0.3988486
0.006379485 1.223731 -0.6233706 6.235392 3.557947 0.3927571
0.01157653 1.219712 -0.6239228 6.2353 3.548265 0.3898924
0.01648915 1.215473 -0.6241863 6.237591 3.540433 0.3877096
0.02124524 1.211176 -0.6245321 6.242052 3.537052 0.3870509
0.02570808 1.206995 -0.6248038 6.246715 3.536103 0.381099
0.03030264 1.202971 -0.6251448 6.250591 3.532432 0.3699316
0.03541732 1.198954 -0.6254991 6.254369 3.525197 0.3612282
0.04055178 1.19489 -0.625869 6.257971 3.517951 0.3543432
0.04567719 1.191076 -0.626007 6.259529 3.510179 0.3462741
0.05083287 1.187265 -0.6261836 6.261159 3.50352 0.3425489
0.05596423 1.183351 -0.6263497 6.263951 3.497976 0.3470867
0.06114089 1.179443 -0.6265115 6.26672 3.491977 0.3492241
0.06641281 1.175784 -0.6267201 6.269409 3.484136 0.3492579
0.07165444 1.172133 -0.6267807 6.272617 3.476202 0.3442846
0.07689345 1.168672 -0.6269576 6.275664 3.468358 0.3394662
0.08204603 1.165368 -0.6271123 6.277478 3.460744 0.3350582
0.08725429 1.162699 -0.627255 6.27646 3.451576 0.3287754
0.0919174 1.15976 -0.6274325 6.279101 3.444439 0.3293846
0.09639251 1.156468 -0.6275924 0.001154606 3.442653 0.332443
0.1007696 1.153302 -0.6275092 0.006626912 3.442006 0.3288975
0.1043091 1.150565 -0.627412 0.01269776 3.440674 0.3179483
0.1088732 1.147556 -0.6274518 0.01681102 3.434894 0.3129236
0.1133792 1.144911 -0.6276038 0.02008672 3.427599 0.3086003
0.117843 1.142223 -0.6277411 0.02460241 3.42023 0.3042691
0.1225051 1.139223 -0.6278384 0.02948158 3.413318 0.3008658
0.1266454 1.136658 -0.6280229 0.03357841 3.406143 0.2967334
0.1307288 1.134228 -0.6280888 0.03608551 3.40038 0.2941437
0.1348959 1.1318 -0.6281468 0.03847257 3.39449 0.2954203
0.138958 1.129398 -0.6280851 0.04348682 3.387894 0.2958934
0.1428987 1.126895 -0.6279885 0.04817767 3.381085 0.293952
0.1467 1.124525 -0.6280192 0.05350016 3.373977 0.2924404
0.1505913 1.122309 -0.6279501 0.05687844 3.367245 0.2916008
0.1542935 1.120235 -0.6279243 0.05912822 3.360917 0.2915646
0.1580822 1.118143 -0.627914 0.06226658 3.353862 0.2918743
0.1618847 1.116073 -0.6277473 0.065731 3.347462 0.2902177
0.1654283 1.114114 -0.6275821 0.06924352 3.341232 0.2878385
0.1690471 1.111979 -0.6273415 0.07332686 3.335088 0.2863063
0.1724527 1.109929 -0.6270133 0.07812147 3.331032 0.2852276
0.1759096 1.107779 -0.626757 0.08274653 3.326649 0.2838727
0.1792789 1.105809 -0.6265669 0.08729497 3.321274 0.2819702
0.1827899 1.10382 -0.6263031 0.09115028 3.315079 0.2786978
0.1862822 1.10187 -0.6260422 0.09463575 3.309323 0.2759639
0.1895393 1.100118 -0.6257507 0.09708138 3.304435 0.2737156
0.1927432 1.098467 -0.6255634 0.0984686 3.300081 0.2718574
0.1961383 1.096689 -0.6253734 0.1000843 3.295274 0.2697347
0.1992941 1.095068 -0.6251336 0.1013466 3.290535 0.2677479
0.2026758 1.093397 -0.6248925 0.1037108 3.285163 0.2667654
0.2059203 1.091616 -0.6247537 0.1069433 3.279767 0.265675
0.2089857 1.090045 -0.6246532 0.1098799 3.274734 0.2626552
0.2119782 1.088492 -0.6245333 0.1123756 3.271175 0.2595585
0.2144113 1.087236 -0.6243247 0.1141514 3.269009 0.2568388
0.2171506 1.085975 -0.6241714 0.1153493 3.264243 0.2559545
0.2199962 1.084726 -0.6239719 0.1170503 3.259137 0.2546487
0.2224476 1.083814 -0.6239915 0.1183452 3.255447 0.2506579
0.2249079 1.082655 -0.6238136 0.1194288 3.253011 0.2490909
0.2270688 1.081901 -0.6238179 0.1193074 3.251472 0.2469317
0.2294713 1.081027 -0.6237718 0.1199842 3.248363 0.2442715
0.2319952 1.080477 -0.6236627 0.1206294 3.240278 0.2437216
0.2346376 1.079671 -0.6235215 0.1220698 3.232922 0.2411498
0.2373137 1.07934 -0.6231971 0.1216472 3.225678 0.2373918
0.2395349 1.079207 -0.62331 0.1201008 3.220243 0.2358055
0.2417687 1.078765 -0.6231949 0.119264 3.216974 0.2373568
0.2432901 1.078373 -0.6231616 0.11838 3.218165 0.239402
0.244722 1.078014 -0.6231903 0.1184784 3.217583 0.2404315
0.2462648 1.077358 -0.623071 0.1200098 3.215639 0.2390656
0.2475619 1.076743 -0.6230634 0.1214342 3.216022 0.2356691
0.2488412 1.075853 -0.6227415 0.1223848 3.216118 0.2334363
0.2501862 1.075017 -0.6227334 0.1246282 3.213999 0.2320542
0.2517059 1.073955 -0.6226104 0.1292288 3.208496 0.2290079
0.253238 1.072839 -0.6222326 0.1322184 3.203975 0.2254288
0.2545036 1.07194 -0.6220455 0.1353373 3.20039 0.2232445
0.255355 1.07155 -0.6219091 0.1337316 3.20091 0.2241057
0.2560996 1.071431 -0.6219516 0.1319321 3.200339 0.2241031
0.256662 1.071217 -0.621749 0.129302 3.200174 0.2257161
0.2572004 1.070823 -0.6215409 0.1295444 3.199349 0.2274605
0.25771 1.070301 -0.6215339 0.132011 3.198439 0.2241949
0.2586085 1.069717 -0.6214049 0.1347235 3.19684 0.2222461
0.2592916 1.06885 -0.6212816 0.1390195 3.193299 0.2197561
0.2601833 1.06802 -0.6210788 0.1430287 3.1881 0.2179289
0.2614636 1.066542 -0.6207549 0.1517719 3.178232 0.2145567
0.2624919 1.065265 -0.6205375 0.1595354 3.172675 0.2090579
0.262762 1.064561 -0.620335 0.1620578 3.173655 0.2057396
0.2630439 1.064057 -0.6202652 0.1623288 3.173812 0.2050235
0.2632705 1.063786 -0.6201318 0.1619599 3.174283 0.2068473
0.2635635 1.063551 -0.6200743 0.1632526 3.172656 0.2020453
0.2635548 1.063295 -0.6198945 0.1630802 3.173424 0.1961195
0.263302 1.063404 -0.6198738 0.1600136 3.177288 0.1939662
0.2628547 1.063478 -0.6198831 0.1580033 3.181764 0.196246
0.2622597 1.06335 -0.6200085 0.1564264 3.188328 0.203985
