0.158451 1.013962 -0.8053667 6.247094 3.218291 0.25732
0.1590708 1.013965 -0.8052137 6.244932 3.215033 0.2690178
0.1595917 1.014073 -0.8051472 6.242733 3.213239 0.2758362
0.1601385 1.014301 -0.805007 6.241702 3.212715 0.2765169
0.1604075 1.014413 -0.8051 6.242224 3.211698 0.2770543
0.1605983 1.014202 -0.8052319 6.244701 3.213531 0.2781784
0.1607201 1.014355 -0.8050789 6.245564 3.215181 0.2806598
0.1607801 1.014235 -0.8049873 6.246449 3.217694 0.2824594
0.1607087 1.014322 -0.805075 6.247837 3.221045 0.277849
0.1609046 1.014347 -0.8050399 6.24927 3.221788 0.2783085
0.1613785 1.014068 -0.8049569 6.24958 3.221498 0.2850431
0.1616374 1.01409 -0.8049321 6.249011 3.222083 0.290915
0.1619905 1.014181 -0.8048621 6.248771 3.22333 0.2969119
0.1620967 1.014203 -0.8048977 6.249759 3.226724 0.2996859
0.1621931 1.01414 -0.8049293 6.253103 3.229687 0.2991212
0.1625851 1.014034 -0.8049536 6.256243 3.231388 0.2977011
0.163018 1.01405 -0.8049916 6.261113 3.230807 0.2934612
0.1636657 1.013892 -0.8050112 6.265463 3.22957 0.293817
0.1645061 1.014044 -0.8050004 6.266479 3.227851 0.298326
0.1652877 1.014611 -0.8049459 6.265891 3.22678 0.2970464
0.1661252 1.014925 -0.8048126 6.266228 3.224558 0.2973398
0.1673828 1.015374 -0.80463 6.265782 3.221614 0.3033603
0.1689198 1.015619 -0.8044985 6.265462 3.218441 0.3239212
0.1700733 1.015755 -0.8045359 6.269819 3.219278 0.3335806
0.1712048 1.015944 -0.8044362 6.274355 3.221138 0.3345606
0.1725124 1.01611 -0.8042456 6.281626 3.221905 0.3295012
0.1741163 1.016447 -0.803933 0.005486676 3.219494 0.3246675
0.1762723 1.017094 -0.8037636 0.01055344 3.215784 0.3229497
0.178601 1.017958 -0.8033698 0.01249008 3.2117 0.3223138
0.1808113 1.019169 -0.8031853 0.01260824 3.207923 0.3211876
0.1837071 1.021095 -0.8028874 0.00790528 3.202763 0.3278967
0.1862711 1.022572 -0.8026847 0.007398751 3.197501 0.3310292
0.1896311 1.024111 -0.8022962 0.01010939 3.190792 0.3343047
0.1926053 1.025235 -0.801974 0.014885 3.184269 0.3336079
0.1959316 1.026545 -0.8017563 0.02362633 3.179308 0.3284813
0.1987908 1.027921 -0.8013028 0.02760059 3.176457 0.3266857
0.201902 1.02983 -0.8009146 0.02965715 3.174503 0.3241794
0.2054375 1.031634 -0.8005068 0.03236044 3.168515 0.3243124
0.2089547 1.033455 -0.7999771 0.03418498 3.161347 0.3267435
0.213017 1.035965 -0.7994677 0.03346198 3.152232 0.3315277
0.2168442 1.03809 -0.7990452 0.03552171 3.144447 0.3337924
0.2211064 1.040594 -0.7985492 0.03907956 3.136867 0.3337795
0.224835 1.043234 -0.7981816 0.04293023 3.132792 0.3265918
0.2284628 1.046218 -0.7978307 0.04561439 3.129892 0.3165605
0.2323681 1.049182 -0.7975419 0.04763981 3.125221 0.3127817
0.2362847 1.052506 -0.797189 0.04906198 3.119642 0.3151168
0.2404004 1.056095 -0.7968124 0.04802686 3.113486 0.3140766
0.2446443 1.060246 -0.7965937 0.04565042 3.105146 0.3072931
0.2489429 1.064673 -0.7961725 0.04431787 3.095382 0.3003618
0.2530864 1.069238 -0.7959368 0.04311508 3.087923 0.2924096
0.2575271 1.073713 -0.7956865 0.04246727 3.080177 0.2864832
0.2620499 1.078649 -0.7954189 0.04360738 3.068545 0.2841165
0.2667174 1.083198 -0.7949834 0.04202375 3.058744 0.2776233
0.271046 1.088941 -0.7947913 0.03642322 3.049765 0.2661717
0.2752969 1.094998 -0.7946029 0.02901329 3.040634 0.2589788
0.2796999 1.100911 -0.7945553 0.02351305 3.031078 0.2599107
0.2842852 1.10706 -0.7943608 0.01796868 3.020081 0.261317
0.2884295 1.11359 -0.794102 0.01171864 3.009553 0.2538587
0.2926711 1.120047 -0.79409 0.005904657 3.00011 0.2450221
0.2970778 1.126632 -0.7937309 -5.658343E-05 2.990534 0.2382206
0.3009225 1.133411 -0.7936616 6.275698 2.982229 0.2307915
0.304674 1.140117 -0.7936989 6.268203 2.975185 0.2253068
0.3082014 1.147236 -0.7936867 6.259114 2.96937 0.2199873
0.311402 1.154494 -0.7934598 6.249267 2.961126 0.2141658
0.3150306 1.161579 -0.7931737 6.238714 2.950982 0.2103914
0.3183551 1.168879 -0.7931669 6.228982 2.94268 0.2052266
0.3208486 1.176328 -0.7930863 6.219347 2.939896 0.1946786
0.323485 1.183507 -0.7930145 6.210595 2.936021 0.1860252
0.3260602 1.190625 -0.7932357 6.203905 2.930722 0.1801207
0.3285863 1.197876 -0.7930285 6.195692 2.922972 0.1731607
0.3309205 1.205342 -0.7929264 6.185215 2.916431 0.1669343
0.3332056 1.212784 -0.792779 6.17451 2.911224 0.1615986
0.3349737 1.220253 -0.7925472 6.162781 2.908207 0.1554612
0.3367609 1.227513 -0.7921591 6.15016 2.903332 0.1508819
0.3386517 1.234636 -0.7917355 6.138338 2.896266 0.1494786
0.3400332 1.241759 -0.7913206 6.126479 2.891194 0.1434963
0.3412954 1.248441 -0.790966 6.116046 2.887915 0.1371799
0.3425254 1.255131 -0.7905372 6.107377 2.884931 0.1309508
0.3431286 1.261499 -0.7902331 6.100313 2.88303 0.1233474
0.3440371 1.267944 -0.7898047 6.090526 2.879498 0.11701
0.3447357 1.274447 -0.7891718 6.077351 2.874463 0.1173987
0.3449842 1.280965 -0.7885007 6.063113 2.86952 0.1228355
0.3452729 1.287303 -0.7878693 6.049353 2.865916 0.1241126
0.3453205 1.293539 -0.7875476 6.036966 2.863658 0.1219018
0.344872 1.299601 -0.7870722 6.02688 2.864822 0.1181497
0.3442439 1.30503 -0.7867254 6.019526 2.867085 0.1106007
0.3438288 1.310713 -0.7865549 6.012117 2.866946 0.1040771
0.3429925 1.316215 -0.7862377 6.00531 2.866798 0.09504171
0.3422604 1.321883 -0.7858443 5.995964 2.867129 0.08807386
0.3410619 1.32754 -0.7853736 5.984166 2.867699 0.08492055
0.3399324 1.333292 -0.7849211 5.970552 2.867737 0.08891582
0.3385342 1.339249 -0.7847598 5.959685 2.869399 0.08646503
0.3368207 1.34469 -0.7844677 5.951362 2.874132 0.07950811
0.3350489 1.35009 -0.784132 5.945708 2.878115 0.07268828
0.3335406 1.355388 -0.7836722 5.939063 2.88019 0.06660223
0.3318505 1.360836 -0.7830253 5.931697 2.881216 0.05823198
0.3299567 1.366646 -0.7822558 5.921925 2.880789 0.05277271
0.3281332 1.372441 -0.7814249 5.910211 2.882452 0.049187
0.3264718 1.378409 -0.7805835 5.898807 2.884527 0.04582592
0.324319 1.384422 -0.7799222 5.886987 2.887687 0.04693071
0.3220042 1.390548 -0.7793689 5.874864 2.890926 0.0429672
0.3195339 1.396662 -0.7787025 5.862669 2.894456 0.03937752
0.316805 1.402605 -0.7783604 5.853952 2.900157 0.03195652
0.3141264 1.408491 -0.7780476 5.846147 2.90558 0.02582344
0.3111807 1.414154 -0.7776212 5.838758 2.910104 0.02080145
0.3082894 1.420206 -0.7770057 5.829262 2.913718 0.0148466
0.3052622 1.426109 -0.7763573 5.819276 2.917272 0.0105599
0.3020653 1.431833 -0.775759 5.809624 2.923384 0.007029509
0.2984827 1.437776 -0.7750865 5.796274 2.931367 0.002521364
0.2953168 1.443629 -0.7742649 5.783253 2.936566 0.001093037
0.2920794 1.44934 -0.7734138 5.770689 2.941826 6.281787
0.2886835 1.454543 -0.772829 5.761967 2.949342 6.273918
0.2851751 1.459354 -0.7723392 5.754838 2.956873 6.267957
0.2815748 1.464172 -0.7717059 5.745333 2.966095 6.264156
0.277808 1.468727 -0.7709888 5.734616 2.974163 6.26445
0.2742869 1.473207 -0.7703169 5.724142 2.980689 6.264579
0.2706 1.477008 -0.7694833 5.714099 2.987997 6.265458
0.2669579 1.480366 -0.7689638 5.705431 2.996171 6.26417
0.26316 1.483302 -0.7684402 5.697114 3.005703 6.263009
0.2594056 1.486161 -0.7679967 5.690545 3.014982 6.260738
0.255605 1.487496 -0.7679116 5.688139 3.024751 6.257762
0.2517315 1.489475 -0.7675731 5.683527 3.03413 6.257663
0.2476436 1.490241 -0.7677068 5.681078 3.04633 6.25658
0.2437522 1.490785 -0.7676154 5.679076 3.057955 6.255598
0.2401304 1.491054 -0.7673697 5.677103 3.066591 6.257974
0.2364962 1.491173 -0.7673216 5.674832 3.07474 6.26147
0.2328806 1.490604 -0.7672154 5.675131 3.084098 6.262041
0.22925 1.48949 -0.7673573 5.679103 3.095832 6.259206
0.2256206 1.487906 -0.7675226 5.684568 3.106124 6.256614
0.2222053 1.486142 -0.7675114 5.690695 3.114126 6.253189
0.2189522 1.484237 -0.7674783 5.696298 3.121536 6.250637
0.2154973 1.482201 -0.7674923 5.700804 3.129251 6.249398
0.2121129 1.479887 -0.7670791 5.705451 3.138075 6.247248
0.208872 1.477656 -0.7668943 5.708745 3.147199 6.246795
0.2056471 1.474869 -0.7665385 5.71198 3.155864 6.248136
0.2019923 1.472667 -0.7663864 5.716105 3.164841 6.24978
0.1989092 1.469426 -0.7658892 5.722064 3.173498 6.251532
0.1957926 1.465829 -0.7657479 5.729754 3.179207 6.252982
0.1931268 1.462158 -0.7655393 5.738153 3.184441 6.252732
0.1901277 1.458836 -0.7654637 5.746227 3.191369 6.250995
0.1871098 1.454825 -0.7653161 5.755455 3.200983 6.248478
0.1842312 1.450903 -0.7650282 5.762957 3.211287 6.248713
0.1811165 1.447295 -0.7646695 5.769094 3.221814 6.248935
0.1783222 1.443289 -0.7642986 5.775606 3.230351 6.249593
0.1753279 1.439514 -0.7638888 5.78311 3.239448 6.249743
0.1726177 1.435353 -0.763276 5.791834 3.249893 6.248273
0.1702663 1.431042 -0.7629151 5.801322 3.256971 6.247108
0.1682662 1.426967 -0.7625844 5.811669 3.261661 6.245992
0.1661803 1.422764 -0.7619115 5.821725 3.266947 6.245314
0.1645484 1.418585 -0.7614105 5.831274 3.273221 6.242887
0.1627403 1.414766 -0.7608349 5.838167 3.279756 6.241582
0.1613169 1.411103 -0.7599297 5.842343 3.286003 6.244335
0.1598439 1.407324 -0.7592756 5.846764 3.29306 6.24658
0.1582685 1.403996 -0.7587969 5.852118 3.299914 6.246432
0.1569934 1.400264 -0.7579513 5.85767 3.304255 6.245459
0.155995 1.396379 -0.7574095 5.864589 3.307147 6.245629
0.1551816 1.392318 -0.7570912 5.87426 3.308553 6.246186
0.1542629 1.388045 -0.7567407 5.884944 3.311866 6.242726
0.1532028 1.383769 -0.7563657 5.894177 3.317462 6.239362
0.1527231 1.379442 -0.7560102 5.901176 3.323183 6.239019
0.1520191 1.37544 -0.7553443 5.906394 3.326622 6.241982
0.1512624 1.371084 -0.7551012 5.914043 3.328238 6.243234
0.1507553 1.367006 -0.7550231 5.924985 3.330023 6.242655
0.1502485 1.362722 -0.7545183 5.935138 3.332189 6.24177
0.1501867 1.358598 -0.7540225 5.94554 3.333828 6.237852
0.1500661 1.354516 -0.7536163 5.955093 3.335314 6.236598
0.1503837 1.350767 -0.7531254 5.961803 3.33603 6.237016
0.1504481 1.347074 -0.7526731 5.966684 3.336743 6.240248
0.1506704 1.343864 -0.7523736 5.970371 3.33663 6.244554
0.1510812 1.3403 -0.7518947 5.975153 3.335695 6.247308
0.1520492 1.336585 -0.7516041 5.982996 3.333639 6.250078
0.1528288 1.32929 -0.7510214 6.001888 3.33273 6.247748
0.1534716 1.325768 -0.7507671 6.010395 3.331906 6.246663
0.1541603 1.322433 -0.7504212 6.017121 3.330906 6.247619
0.1548564 1.319003 -0.7500212 6.023588 3.330045 6.24902
0.1558688 1.316271 -0.7495509 6.025589 3.327477 6.254076
0.1566018 1.313154 -0.7493628 6.028872 3.325689 6.257483
0.1573464 1.310076 -0.7492025 6.03305 3.32374 6.261021
0.1580931 1.30681 -0.7489156 6.03584 3.321114 6.26454
0.1590258 1.303379 -0.7489784 6.03985 3.319133 6.269717
0.1596638 1.299597 -0.7488641 6.048263 3.318639 6.271552
0.1602584 1.295813 -0.7488555 6.059371 3.318089 6.267906
0.1606503 1.292247 -0.748676 6.068356 3.317727 6.265305
0.1612004 1.289194 -0.7486194 6.073655 3.315926 6.267447
0.1616982 1.285744 -0.7487057 6.078062 3.31432 6.270669
0.1627301 1.282717 -0.7488577 6.079977 3.31185 6.277129
0.1635324 1.279582 -0.7487043 6.08205 3.309067 0.001452676
0.1646377 1.276367 -0.7487248 6.084329 3.304817 0.009626743
0.1653758 1.273036 -0.7489896 6.087286 3.300794 0.01711063
0.166154 1.269185 -0.7492328 6.092083 3.2975 0.0269674
0.1667619 1.265332 -0.7495011 6.097642 3.296621 0.03433128
0.1666831 1.261259 -0.7497158 6.106007 3.301201 0.03728514
0.1666449 1.257115 -0.7496909 6.115057 3.305408 0.03797312
0.1668218 1.253023 -0.7499719 6.123465 3.306024 0.03888778
0.1674753 1.249158 -0.749904 6.131836 3.304416 0.04322102
0.1682152 1.245651 -0.7496322 6.136115 3.302 0.04994089
0.1692349 1.242515 -0.749339 6.137691 3.296108 0.05796335
0.170339 1.239303 -0.7492132 6.140138 3.290602 0.06560788
0.1717858 1.236091 -0.7489718 6.144221 3.283381 0.07363033
0.1725128 1.232441 -0.7488554 6.154857 3.282892 0.07400788
0.1730374 1.228968 -0.74898 6.165814 3.284063 0.07170826
0.1735132 1.225573 -0.7487344 6.176458 3.284124 0.06724761
0.1744751 1.222631 -0.7487237 6.181576 3.279453 0.07015231
0.1756104 1.220173 -0.7484534 6.18324 3.274434 0.07600946
0.1766779 1.217838 -0.7484621 6.185194 3.270602 0.08241747
0.1775861 1.215446 -0.7483132 6.18871 3.267927 0.0860138
0.1776466 1.213293 -0.7484335 6.193489 3.268705 0.08674558
0.1778229 1.210899 -0.7484744 6.19871 3.269475 0.08888478
0.1778566 1.208821 -0.7486902 6.204469 3.269565 0.08894672
0.177775 1.207016 -0.7490797 6.209887 3.270131 0.08921356
0.1774747 1.205602 -0.7494349 6.213205 3.271476 0.08973057
0.1774909 1.203974 -0.7498314 6.215724 3.270099 0.09049451
0.1776435 1.203012 -0.7502974 6.216278 3.267677 0.09190519
0.1775506 1.202194 -0.7505385 6.215219 3.267079 0.09443805
0.1774274 1.201237 -0.7508403 6.216185 3.266209 0.0992706
0.1770366 1.200763 -0.7514653 6.218619 3.267394 0.1018557
0.1764995 1.200229 -0.7518734 6.222622 3.270669 0.09863289
0.1761631 1.19993 -0.752224 6.227096 3.272671 0.09502711
0.1761742 1.200151 -0.7525643 6.229568 3.273062 0.0919912
0.1761953 1.200768 -0.7526267 6.230472 3.272856 0.08865315
0.1762197 1.201771 -0.752799 6.228873 3.273159 0.08878427
0.1765217 1.202863 -0.7529442 6.226611 3.27169 0.08995499
0.1771054 1.204697 -0.7529038 6.221366 3.268061 0.09166737
0.1777411 1.206364 -0.7528949 6.21802 3.265785 0.09163553
0.1780505 1.20847 -0.752926 6.215331 3.265836 0.09037571
0.1779989 1.210448 -0.7530882 6.214456 3.266696 0.0882425
0.1780535 1.212477 -0.7532731 6.213039 3.266117 0.08630178
0.1780336 1.214969 -0.7534783 6.210127 3.264343 0.08521798
0.1778778 1.217591 -0.7536453 6.20597 3.263399 0.08350594
0.1774067 1.220986 -0.7538527 6.198556 3.263566 0.08091715
0.1767061 1.224735 -0.7542716 6.190845 3.26389 0.08163949
0.1758008 1.228446 -0.7544816 6.183804 3.266193 0.08290182
0.1750704 1.232093 -0.7547411 6.178628 3.267765 0.07940675
0.1740838 1.235919 -0.7549648 6.175019 3.267465 0.07287306
0.1732994 1.239907 -0.7554375 6.171994 3.267016 0.06916529
0.1724637 1.244277 -0.7557725 6.166714 3.266172 0.06702421
0.1716994 1.248672 -0.7560565 6.159945 3.265033 0.06411903
0.1707039 1.254307 -0.7562027 6.147336 3.263353 0.06194969
0.1698258 1.259368 -0.7564287 6.137871 3.262772 0.06203204
0.1684531 1.265226 -0.7566713 6.126191 3.264947 0.06459918
0.1670499 1.270649 -0.7568198 6.116313 3.267127 0.06261653
0.1655649 1.276389 -0.7569565 6.107365 3.268903 0.05884772
0.1642234 1.282125 -0.7571586 6.098034 3.268175 0.0572798
0.1628498 1.28787 -0.7572305 6.087974 3.266885 0.0550082
0.1614952 1.2941 -0.7572442 6.076567 3.264976 0.05183209
0.16008 1.299998 -0.7571201 6.065484 3.265111 0.05045887
0.158391 1.30609 -0.7571205 6.054996 3.266012 0.05051076
0.1562678 1.31277 -0.7567756 6.043186 3.267364 0.0488513
0.1542245 1.31947 -0.7566863 6.030698 3.268797 0.04514929
0.1518748 1.326371 -0.7565508 6.017413 3.273097 0.04440207
0.1497005 1.332897 -0.7563553 6.005522 3.275716 0.0427816
0.1474384 1.339545 -0.7561573 5.992413 3.278097 0.04198522
0.1447264 1.346147 -0.7557684 5.977836 3.280093 0.04551424
0.1419084 1.352508 -0.7555546 5.965751 3.282827 0.04706204
0.1383651 1.35818 -0.755211 5.955085 3.291106 0.04402276
0.1352211 1.364123 -0.7551013 5.944956 3.296299 0.04173831
0.1317765 1.369817 -0.7548117 5.935029 3.300638 0.03847029
0.1284862 1.375059 -0.7542893 5.924763 3.305115 0.03812702
0.1248472 1.380483 -0.7538501 5.913948 3.310606 0.038165
0.1211514 1.385779 -0.7533758 5.902931 3.31644 0.03703778
0.1173182 1.390663 -0.7526902 5.893139 3.323683 0.03844567
0.113247 1.395367 -0.7520618 5.882876 3.332002 0.03987899
0.1091287 1.400061 -0.7511169 5.872173 3.339412 0.04159135
0.1048969 1.404534 -0.7504984 5.861945 3.345718 0.04711223
0.1006333 1.408631 -0.7497792 5.851674 3.352052 0.05047816
0.09617293 1.412585 -0.7489159 5.842104 3.360257 0.05126543
0.0914551 1.416765 -0.7480966 5.833135 3.36959 0.05273474
0.08667219 1.420357 -0.7470365 5.825572 3.38078 0.0532212
0.08192778 1.423729 -0.745923 5.818316 3.392813 0.05138084
0.07711124 1.427232 -0.7446331 5.810903 3.402614 0.05116265
0.07265246 1.430058 -0.7433779 5.804506 3.408952 0.05354688
0.06827331 1.432883 -0.742114 5.799114 3.416098 0.05506831
0.06373119 1.435684 -0.7407629 5.793351 3.425188 0.05572649
0.05918396 1.438115 -0.7393464 5.788203 3.434155 0.05645048
0.05479586 1.440283 -0.7377405 5.78224 3.444222 0.05833667
0.05010486 1.442512 -0.7360169 5.77557 3.454701 0.05904796
0.045609 1.444558 -0.734324 5.769558 3.464863 0.06009007
0.04131615 1.446481 -0.7327942 5.763975 3.474228 0.06289608
0.03678727 1.448555 -0.7313609 5.758626 3.483155 0.06636351
0.03231788 1.450159 -0.7294866 5.753422 3.492248 0.06796628
0.0281992 1.451441 -0.7278957 5.748803 3.500839 0.06808712
0.02387619 1.452629 -0.7263772 5.745482 3.50908 0.06967963
0.01932609 1.453492 -0.7246041 5.743121 3.519879 0.06946059
0.01501739 1.454127 -0.7229773 5.740891 3.532644 0.067668
0.01057577 1.454896 -0.7214113 5.737927 3.544023 0.06769022
0.006236434 1.455508 -0.7195538 5.734412 3.554199 0.06869239
0.002619743 1.455733 -0.7180816 5.731413 3.562079 0.07077173
-0.001285076 1.455186 -0.7164369 5.731896 3.569573 0.07331868
-0.005015016 1.454971 -0.7149024 5.731558 3.57745 0.07482436
-0.008757353 1.454505 -0.7138208 5.732006 3.584725 0.07705331
-0.01264977 1.453732 -0.7121575 5.731268 3.59405 0.07645027
-0.01624668 1.452551 -0.7108057 5.731704 3.605013 0.07592999
-0.02014661 1.451833 -0.7095031 5.73215 3.616187 0.07497024
-0.02375114 1.450453 -0.7077386 5.732315 3.626065 0.07636736
-0.02671194 1.44883 -0.7063966 5.732333 3.631589 0.08019134
-0.02965331 1.447505 -0.7054158 5.732188 3.636975 0.08328056
-0.03240132 1.445477 -0.7039991 5.732453 3.640857 0.08780243
-0.03487027 1.443088 -0.7029401 5.735186 3.645362 0.09191866
-0.03759205 1.440387 -0.7019038 5.740822 3.653437 0.08954241
-0.04078686 1.438093 -0.7008756 5.745307 3.662097 0.0867484
-0.0429734 1.434814 -0.7000281 5.748792 3.667401 0.08727639
-0.04499888 1.431782 -0.6992623 5.751079 3.672054 0.09127428
-0.04701805 1.428472 -0.6983148 5.753352 3.677196 0.09556649
-0.04915202 1.424738 -0.6974175 5.756332 3.682191 0.100665
-0.05088592 1.420778 -0.6969869 5.760415 3.685669 0.1075768
-0.05297601 1.416888 -0.6966089 5.765079 3.689804 0.1072703
-0.05479264 1.412508 -0.6962447 5.77162 3.693993 0.1065589
-0.05685771 1.408124 -0.6962179 5.780127 3.698574 0.1095433
-0.05863321 1.403568 -0.6959943 5.787828 3.703366 0.1107125
-0.06026804 1.398423 -0.6959803 5.795386 3.707538 0.1066613
-0.06179667 1.394162 -0.6959701 5.800766 3.710151 0.1077026
-0.06293976 1.389331 -0.6957271 5.807619 3.712377 0.1097305
-0.06402397 1.384326 -0.695473 5.816684 3.717527 0.1123006
-0.06516945 1.379387 -0.6952518 5.825038 3.722106 0.1115918
-0.06604576 1.374673 -0.6951003 5.83165 3.722969 0.1118584
-0.0661149 1.369872 -0.6952136 5.834211 3.718831 0.1169567
-0.06587279 1.365318 -0.6952793 5.833362 3.714098 0.1252038
-0.06593394 1.360809 -0.6953949 5.833439 3.711232 0.1333495
-0.06571472 1.355741 -0.6953161 5.840006 3.711566 0.1401745
-0.06618345 1.35016 -0.6953462 5.850039 3.715186 0.1388223
-0.06678414 1.34449 -0.6953419 5.862742 3.720346 0.1272863
-0.0666784 1.338674 -0.69564 5.873616 3.71919 0.1230211
-0.06635618 1.333319 -0.6958684 5.880953 3.71672 0.123582
-0.06546021 1.327986 -0.69595 5.884608 3.712614 0.1307499
-0.06433904 1.32251 -0.6964464 5.886326 3.706977 0.1488054
-0.06346834 1.317262 -0.6967218 5.889147 3.703715 0.1577922
-0.06229746 1.312179 -0.6968371 5.888032 3.698441 0.1678393
-0.0607605 1.307006 -0.6970544 5.888431 3.692515 0.1863676
-0.05950594 1.301484 -0.6972463 5.891142 3.688293 0.1993227
-0.05839455 1.296119 -0.6973594 5.894585 3.685779 0.2039772
-0.05731845 1.290471 -0.6975403 5.900368 3.684981 0.2113318
-0.05612254 1.284745 -0.6976795 5.907148 3.684361 0.2236131
-0.05507755 1.278956 -0.6977506 5.914344 3.685342 0.2291318
-0.05398595 1.273202 -0.6978669 5.921466 3.686153 0.2336815
-0.05269516 1.267104 -0.6980915 5.93064 3.686059 0.2392851
-0.05073857 1.261135 -0.6983725 5.936251 3.6805 0.2519169
-0.04793978 1.255574 -0.6987219 5.936233 3.669297 0.2729737
-0.04557586 1.249875 -0.6991333 5.938423 3.660694 0.2853131
-0.0428611 1.244174 -0.6992984 5.944639 3.654462 0.2871562
-0.04058588 1.238156 -0.6995984 5.953947 3.651618 0.2907391
-0.03823125 1.232071 -0.6997447 5.966723 3.650029 0.2905168
-0.03585339 1.226017 -0.7000161 5.979815 3.648065 0.2866696
-0.03308582 1.220167 -0.7003109 5.9904 3.644771 0.287434
-0.03039026 1.214493 -0.7006229 5.999479 3.641535 0.2898261
-0.02748322 1.209275 -0.7007529 6.006402 3.638576 0.2912278
-0.02442348 1.204063 -0.7009557 6.012801 3.634581 0.293461