0,4408395 1,076508 1,032269 5,96739 1,707556 0,6274151
0,4395637 1,075294 1,030982 5,974282 1,6947 0,6309051
0,4384011 1,074636 1,029828 5,978172 1,683245 0,6344948
0,4372668 1,074601 1,02867 5,980162 1,673953 0,6401387
0,4361672 1,074296 1,027659 5,981208 1,664722 0,6457262
0,4353395 1,074628 1,026419 5,980187 1,655539 0,6539775
0,4343898 1,07501 1,025417 5,977192 1,646481 0,6618913
0,4337366 1,076686 1,02441 5,967868 1,637117 0,6729271
0,4331337 1,078446 1,023497 5,955046 1,628234 0,6818908
0,4326987 1,080547 1,022412 5,941544 1,620672 0,6918589
0,4329993 1,084031 1,021684 5,917266 1,615752 0,6993147
0,4335836 1,087752 1,021409 5,88936 1,616272 0,6987261
0,4347666 1,09126 1,02166 5,865446 1,62569 0,6894603
0,4365728 1,095126 1,022254 5,844331 1,637817 0,6842924
0,43879 1,098159 1,024097 5,824713 1,660862 0,6866593
0,4419299 1,100826 1,026105 5,807212 1,688782 0,687737
0,4450836 1,102915 1,028713 5,797607 1,719301 0,6912347
0,4480888 1,104173 1,031314 5,794436 1,743914 0,6921958
0,4513349 1,104568 1,033174 5,790355 1,761562 0,691803
0,4535362 1,104325 1,035015 5,79332 1,774882 0,6920659
0,4562066 1,103875 1,037065 5,798101 1,79674 0,7014951
0,4591032 1,103549 1,040248 5,801706 1,825739 0,704451
0,4621255 1,103177 1,042622 5,801601 1,854099 0,7016971
0,4649999 1,103058 1,044008 5,802043 1,876296 0,6951928
0,4674514 1,101567 1,045862 5,813134 1,895176 0,687667
0,4697804 1,098727 1,048156 5,838408 1,918459 0,6900421
0,4718549 1,09491 1,050301 5,871867 1,9405 0,6886969
0,473391 1,091835 1,052122 5,898343 1,95717 0,6888419
0,4731279 1,087126 1,052408 5,929793 1,953159 0,6981995
0,4729145 1,084349 1,052552 5,949137 1,946872 0,7099711
0,470905 1,082982 1,050498 5,94644 1,91495 0,738802
0,4681464 1,082538 1,047734 5,93411 1,88175 0,7569969
0,4647419 1,082976 1,045069 5,931743 1,859926 0,751679
0,4632971 1,082287 1,042258 5,936566 1,840172 0,7450823
0,4607997 1,081228 1,03906 5,94552 1,81373 0,7305416
0,4573396 1,079478 1,034979 5,958265 1,775975 0,7305839
0,4535305 1,07821 1,029504 5,962697 1,727928 0,7367465
0,4500151 1,077293 1,024878 5,965514 1,694784 0,7357395
0,4477952 1,076262 1,022 5,972927 1,679155 0,7244881
0,4471433 1,075502 1,020981 5,982144 1,690049 0,7022973
0,4469486 1,074585 1,021281 5,99088 1,707379 0,6985498
0,4478706 1,072477 1,021678 5,997582 1,712172 0,7217884
0,4470474 1,070838 1,021129 6,003651 1,708005 0,7512573
0,4467933 1,069799 1,020186 6,012775 1,703327 0,7687061
0,4472441 1,067816 1,020704 6,024808 1,703142 0,7760004
0,4474826 1,06642 1,021293 6,031585 1,710843 0,7756507
0,4484076 1,065766 1,022212 6,033621 1,722709 0,7706349
0,4494293 1,065 1,022885 6,036192 1,73265 0,7658072
0,4510508 1,064015 1,024207 6,043455 1,74927 0,7561135
0,4532886 1,062106 1,025686 6,060585 1,76689 0,750728
0,4556071 1,059248 1,027324 6,085336 1,787009 0,7482239
0,457956 1,056192 1,028967 6,11056 1,806192 0,7468891
0,4606326 1,051969 1,030514 6,142353 1,826192 0,7478409
0,463326 1,048059 1,031955 6,171463 1,837371 0,7585742
0,4652071 1,045215 1,032951 6,187727 1,841909 0,7777126
0,4656696 1,045077 1,033074 6,176666 1,831316 0,8130141
0,4663751 1,045536 1,034022 6,169967 1,834944 0,8258613
0,4683375 1,048562 1,035926 6,143313 1,854066 0,8139075
0,4707831 1,050369 1,037737 6,128657 1,872031 0,805798
0,4725031 1,05301 1,039361 6,111199 1,896677 0,7905637
0,475572 1,054889 1,04076 6,104372 1,916535 0,7841871
0,4774518 1,055426 1,041811 6,102433 1,92734 0,7873488
0,4784124 1,055084 1,042032 6,105126 1,925454 0,8083559
0,4787964 1,055412 1,042299 6,105205 1,924724 0,8243115
0,4789667 1,056435 1,042727 6,099595 1,926473 0,8300977
0,478946 1,058522 1,042316 6,084441 1,925026 0,8291739
0,4783053 1,061154 1,041747 6,067282 1,920389 0,8207766
0,477652 1,062911 1,041169 6,05604 1,917363 0,813474
0,4757283 1,064955 1,039993 6,047862 1,905056 0,8050173
0,4747185 1,066788 1,039057 6,037758 1,897334 0,8063625
0,4731893 1,068697 1,038108 6,022268 1,89067 0,8164241
0,4725599 1,071186 1,037677 6,003949 1,889408 0,8233056
0,4725261 1,074283 1,037667 5,983235 1,89756 0,8296294
0,4719757 1,076271 1,037268 5,973564 1,895339 0,8317091
0,4710847 1,077391 1,036316 5,967561 1,885571 0,8364957
0,4691825 1,077603 1,0347 5,971301 1,868244 0,8424422
0,4674123 1,077827 1,033511 5,975094 1,854834 0,8437816
0,4659829 1,077156 1,032761 5,983044 1,845427 0,8401024
0,4642947 1,076886 1,03154 5,983033 1,837369 0,8407
0,4631985 1,077079 1,031161 5,982402 1,832664 0,8407453
0,4626745 1,076907 1,030887 5,981226 1,831291 0,8418592
0,4621862 1,076866 1,030911 5,979619 1,83297 0,8436638
0,4616916 1,076876 1,031121 5,978269 1,8327 0,8460532
0,4615767 1,076631 1,031312 5,975228 1,832045 0,8523803
0,4612681 1,076547 1,031124 5,973286 1,829317 0,8566251
