-0.3006606 1.341346 -1.201028 5.49075 3.469858 0.04030327
-0.3014281 1.336951 -1.207933 5.494328 3.458889 0.01224799
-0.3005204 1.335274 -1.212829 5.500937 3.443635 0.003379733
-0.2982735 1.336701 -1.21516 5.50688 3.428272 0.01276442
-0.2953809 1.339656 -1.215899 5.511181 3.412091 0.03419018
-0.2926612 1.34181 -1.216484 5.508414 3.398579 0.04792055
-0.2897924 1.344172 -1.215935 5.502729 3.386584 0.06315774
-0.28645 1.347304 -1.215292 5.497747 3.372991 0.08171885
-0.2835065 1.35045 -1.214286 5.492905 3.361192 0.09865878
-0.2817282 1.350671 -1.214841 5.489141 3.352835 0.09893444
-0.2796853 1.350756 -1.217054 5.481503 3.337337 0.09498534
-0.2771869 1.35313 -1.219599 5.478462 3.312812 0.1077342
-0.273688 1.356395 -1.224491 5.478913 3.273121 0.128907
-0.2702402 1.358988 -1.228721 5.478323 3.238913 0.1450647
-0.2677671 1.36053 -1.230765 5.476507 3.218874 0.1537574
-0.2658468 1.36088 -1.232749 5.474218 3.20488 0.1539214
-0.2639973 1.360939 -1.235218 5.471725 3.189397 0.152848
-0.2624418 1.360392 -1.238956 5.470715 3.171206 0.1475035
-0.2609226 1.358831 -1.24527 5.471126 3.145591 0.1355691
-0.2593762 1.357555 -1.251816 5.471777 3.119376 0.1242605
-0.2574416 1.357077 -1.256501 5.470059 3.097539 0.1179849
-0.2560928 1.357331 -1.257641 5.46507 3.088301 0.1143976
-0.2557612 1.35613 -1.257796 5.459461 3.090467 0.09986039
-0.2558911 1.352238 -1.26163 5.456146 3.090819 0.06644704
-0.2566608 1.3411 -1.271732 5.455108 3.097919 6.266564
-0.255278 1.3283 -1.285852 5.460884 3.095847 6.177015
-0.2528732 1.320633 -1.295674 5.467497 3.087611 6.122115
-0.2520806 1.317215 -1.298586 5.470652 3.09193 6.094118
-0.252508 1.312268 -1.300247 5.47452 3.108434 6.060171
-0.2521081 1.305345 -1.303821 5.483678 3.125587 6.013107
-0.2520815 1.295332 -1.306894 5.505396 3.150944 5.95841
-0.2514802 1.285207 -1.311047 5.530886 3.169958 5.908099
-0.2509873 1.276487 -1.314141 5.552975 3.186929 5.863427
-0.2514286 1.265209 -1.315521 5.586191 3.214645 5.815958
-0.2524178 1.25218 -1.317396 5.624914 3.241562 5.766657
-0.253237 1.240719 -1.318173 5.663906 3.263964 5.728127
-0.2544914 1.231881 -1.31735 5.697135 3.282727 5.703337
-0.2597266 1.229622 -1.314452 5.718907 3.29763 5.714487
-0.2622704 1.225435 -1.313185 5.740213 3.310229 5.711786
-0.2670811 1.224273 -1.309551 5.754077 3.328044 5.721292
-0.2729998 1.225708 -1.302508 5.765313 3.355633 5.740918
-0.281355 1.230031 -1.292176 5.777559 3.39071 5.778904
-0.2901884 1.238223 -1.278608 5.784403 3.427662 5.834598
-0.2962841 1.24608 -1.267052 5.7868 3.459499 5.88021
-0.3025984 1.258081 -1.25501 5.770777 3.490558 5.936822
-0.3075919 1.273199 -1.240079 5.745712 3.522964 6.004646
-0.3062986 1.311402 -1.212271 5.660645 3.549479 6.1663
-0.2997039 1.340768 -1.189396 5.587244 3.563996 0.01749533
-0.2815925 1.375766 -1.15909 5.474498 3.554858 0.2027727
-0.2549944 1.403909 -1.129406 5.350191 3.509924 0.3920921
-0.2349293 1.420273 -1.108612 5.234013 3.418518 0.5650724
-0.2188313 1.43038 -1.093116 5.1474 3.273119 0.7557366
-0.1999485 1.442195 -1.081776 5.107282 3.08116 0.9847082
-0.1841051 1.450353 -1.074137 5.097494 2.917006 1.189597
-0.1800529 1.458508 -1.077668 5.122389 2.880206 1.225125
-0.1880819 1.462404 -1.089034 5.15689 2.920743 1.14277
-0.1931066 1.463684 -1.102631 5.202633 2.966051 1.056568
-0.1948286 1.467357 -1.11506 5.255443 3.009518 0.9986176
-0.1984272 1.466903 -1.12787 5.297259 3.01693 0.9861597
-0.195175 1.469997 -1.140377 5.344146 2.987396 0.997686
-0.1911055 1.473877 -1.152629 5.388623 2.9451 1.018925
-0.1844618 1.478519 -1.173173 5.460248 2.873936 1.054138
-0.1745379 1.483522 -1.199913 5.561623 2.804197 1.075513
-0.1631681 1.484225 -1.228999 5.672303 2.747263 1.07357
-0.1527632 1.4811 -1.250297 5.747428 2.700428 1.049715
-0.1468069 1.474379 -1.269165 5.79799 2.650458 1.014924
-0.145442 1.464423 -1.286041 5.817069 2.589972 0.9516407
-0.1405225 1.455603 -1.300442 5.82913 2.526407 0.8916361
-0.1340294 1.444656 -1.314626 5.832522 2.456366 0.830551
-0.1266938 1.433378 -1.327289 5.83506 2.390725 0.7676716
-0.1228743 1.419993 -1.339072 5.813902 2.348476 0.6648517
-0.1244633 1.399558 -1.35242 5.784039 2.350358 0.5298069
-0.1275085 1.375126 -1.364999 5.74838 2.377131 0.3749241
-0.1263615 1.355805 -1.37151 5.707898 2.39276 0.2547887
-0.1221383 1.341205 -1.376969 5.666983 2.404112 0.1565317
-0.1205891 1.330031 -1.378641 5.626595 2.431842 0.07353625
-0.1248336 1.31712 -1.378328 5.596612 2.49725 6.264614
-0.1285762 1.303747 -1.377329 5.588032 2.569932 6.175397
-0.1288557 1.289452 -1.377773 5.586235 2.628777 6.085717
-0.1295763 1.276852 -1.381394 5.599473 2.666049 6.019552
-0.1294773 1.270219 -1.382375 5.607726 2.690659 5.983762
-0.132216 1.263051 -1.381324 5.614976 2.732987 5.943979
-0.1364166 1.250719 -1.38123 5.625192 2.793692 5.877656
-0.1439831 1.235865 -1.376392 5.648499 2.8808 5.805513
-0.1496514 1.219264 -1.3727 5.679202 2.95774 5.731138
-0.1533561 1.206821 -1.371447 5.705791 3.004077 5.682524
-0.1563433 1.197194 -1.369493 5.729908 3.041069 5.648926
-0.1643474 1.192291 -1.365156 5.754356 3.078545 5.647628
-0.1710657 1.183339 -1.359507 5.782042 3.129876 5.620853
-0.1774842 1.170708 -1.352387 5.818407 3.190276 5.582154
-0.1808481 1.154675 -1.34624 5.863534 3.244056 5.529857
-0.1831189 1.140501 -1.339584 5.908977 3.29057 5.485988
-0.1850357 1.125597 -1.332534 5.956636 3.336355 5.44242
-0.1876891 1.11289 -1.324601 5.998697 3.382485 5.407833
-0.1942585 1.105353 -1.315387 6.031226 3.429343 5.392922
-0.2030958 1.103393 -1.305703 6.049338 3.475895 5.403575
-0.2103094 1.101463 -1.2967 6.06658 3.518655 5.412699
-0.220325 1.104461 -1.287166 6.072444 3.561196 5.435471
-0.2352964 1.117688 -1.2765 6.048421 3.602901 5.500563
-0.2507222 1.136255 -1.266627 6.006794 3.635425 5.576723
-0.2647639 1.162411 -1.256598 5.944639 3.658748 5.666524
-0.2764547 1.192823 -1.244449 5.866663 3.677552 5.771047
-0.2836827 1.221611 -1.231129 5.793048 3.694809 5.868864
-0.2850982 1.259335 -1.21403 5.684797 3.698131 5.98732
-0.2828528 1.290538 -1.199003 5.582241 3.689269 6.094167
-0.2781541 1.317044 -1.185544 5.49535 3.666147 6.196355
-0.2723866 1.346007 -1.171581 5.419185 3.629542 0.0227745
-0.2688177 1.359127 -1.166735 5.375075 3.59031 0.08208881
-0.2623751 1.373772 -1.160549 5.334286 3.539024 0.1654365
-0.2563318 1.387903 -1.160545 5.324457 3.464937 0.2612499
-0.24709 1.403702 -1.162365 5.33699 3.372145 0.3864372
-0.2395798 1.416997 -1.166319 5.350506 3.286872 0.499132
-0.2324614 1.426429 -1.173669 5.375532 3.216549 0.5735803
-0.2271599 1.431494 -1.17672 5.387991 3.174272 0.6201407
-0.2230476 1.435784 -1.181421 5.401983 3.136493 0.6644054
-0.2167239 1.442176 -1.190048 5.432778 3.079696 0.7150522
-0.2073346 1.450105 -1.204552 5.49018 3.001014 0.7783144
-0.1963318 1.458041 -1.218322 5.549508 2.92462 0.8414671
-0.1814601 1.465206 -1.233398 5.606978 2.831194 0.9084483
-0.1677752 1.470119 -1.244214 5.645576 2.745918 0.9594072
-0.1556372 1.473738 -1.252028 5.676715 2.675772 0.9916987
-0.1515724 1.471753 -1.260313 5.680149 2.606946 0.976957
-0.1454421 1.469416 -1.271515 5.707105 2.547135 0.9589783
-0.1392819 1.466036 -1.283097 5.725086 2.488673 0.9204001
-0.1333518 1.462265 -1.294427 5.738048 2.421157 0.885962
-0.1248956 1.457782 -1.305189 5.747213 2.348448 0.8544094
-0.1212571 1.448955 -1.31665 5.728539 2.285444 0.7833018
-0.1201078 1.438152 -1.328952 5.709108 2.252067 0.697993
-0.1265139 1.41996 -1.342359 5.668631 2.277219 0.5616552
-0.1351515 1.404063 -1.348862 5.621054 2.331281 0.4418689
-0.1430436 1.394007 -1.348739 5.566009 2.375953 0.3638871
-0.1498251 1.386684 -1.346673 5.503728 2.417502 0.2968583
-0.1539975 1.375645 -1.348524 5.4561 2.463984 0.2044539
-0.1585163 1.356696 -1.35577 5.429768 2.545119 0.0574521
-0.1574731 1.334582 -1.366502 5.434414 2.621275 6.180545
-0.156676 1.315815 -1.374035 5.448905 2.68807 6.054609
-0.161403 1.302481 -1.374884 5.45669 2.766776 5.959577
-0.1658689 1.289981 -1.375064 5.468351 2.845151 5.871427
-0.1728089 1.277714 -1.372415 5.495917 2.917772 5.814605
-0.177043 1.265548 -1.37128 5.535897 2.966097 5.774722
-0.1804564 1.253073 -1.37032 5.576666 3.011079 5.732443
-0.1860218 1.240318 -1.367251 5.627321 3.05467 5.707723
-0.1903529 1.224091 -1.363385 5.681863 3.106313 5.668295
-0.1962753 1.207831 -1.356557 5.741433 3.163561 5.634654
-0.202112 1.191008 -1.347791 5.808254 3.220914 5.605264
-0.2075602 1.175561 -1.337547 5.877384 3.272055 5.586207
-0.2160988 1.163986 -1.32527 5.953875 3.312886 5.599578
-0.2210393 1.152901 -1.315522 6.018075 3.344985 5.601229
-0.2264859 1.144319 -1.307159 6.071556 3.370963 5.608161
-0.2306927 1.13589 -1.299327 6.111806 3.401778 5.603364
-0.2369251 1.132404 -1.290209 6.134713 3.441186 5.611916
-0.2453296 1.134585 -1.277744 6.151859 3.486878 5.644851
-0.2613563 1.155807 -1.262316 6.121758 3.543202 5.747332
-0.2781492 1.198016 -1.241156 6.037748 3.602174 5.912656
-0.2836761 1.229784 -1.222314 5.970456 3.647322 6.027864
-0.2845066 1.266982 -1.203452 5.852499 3.679791 6.144427
-0.2806314 1.298081 -1.186291 5.71512 3.695266 6.232457
-0.2685173 1.329306 -1.166197 5.576134 3.691341 0.0523633
-0.2522479 1.358356 -1.146773 5.441964 3.654021 0.1886276
-0.2236977 1.392426 -1.123053 5.297329 3.537591 0.4136973
-0.2033306 1.413056 -1.106346 5.202857 3.398576 0.6311507
-0.1855497 1.426436 -1.095725 5.149219 3.214138 0.8582464
-0.1660903 1.440445 -1.090843 5.143302 3.007395 1.100933
-0.1518048 1.45227 -1.094652 5.179421 2.86031 1.261118
-0.1381854 1.46041 -1.098483 5.222749 2.748688 1.380539
-0.1400833 1.468198 -1.120354 5.303132 2.745098 1.342265
-0.1459651 1.473441 -1.147927 5.39126 2.772542 1.241417
-0.1560603 1.471069 -1.17511 5.464907 2.803976 1.120207
-0.1691039 1.462407 -1.197809 5.512413 2.831743 1.02654
-0.1697361 1.459157 -1.209224 5.545544 2.832831 0.9933353
-0.1660196 1.457451 -1.220174 5.582696 2.806859 0.9890352
-0.157339 1.457864 -1.233158 5.628983 2.756121 1.003488
-0.1488784 1.457717 -1.250544 5.688348 2.694649 1.006906
-0.142052 1.452947 -1.26877 5.738366 2.633625 0.9795734
-0.1391396 1.44487 -1.28574 5.761079 2.579241 0.898111
-0.1388209 1.43283 -1.304578 5.780912 2.53532 0.8094868
-0.1382893 1.414382 -1.326253 5.788867 2.488667 0.6808754
-0.1305842 1.398042 -1.344617 5.794433 2.429812 0.5757799
-0.1171691 1.387724 -1.355364 5.788828 2.368881 0.505354
-0.1091347 1.386683 -1.353355 5.743421 2.329547 0.4813384
-0.103645 1.380413 -1.355209 5.709704 2.310699 0.429535
-0.1031556 1.374706 -1.352922 5.666489 2.335652 0.366786
-0.1037306 1.366057 -1.352669 5.63324 2.372436 0.2926652
-0.1007945 1.353209 -1.356299 5.612041 2.395579 0.2008494
-0.09580719 1.341509 -1.360212 5.586359 2.415244 0.1108251
-0.09108597 1.332719 -1.362672 5.567018 2.42938 0.04466432
-0.08443508 1.324337 -1.366031 5.561781 2.435567 6.270673
-0.0787812 1.3146 -1.369955 5.561299 2.447043 6.213086
-0.07647452 1.308703 -1.370611 5.568173 2.467597 6.181458
-0.07986638 1.303924 -1.368086 5.569873 2.510893 6.155778
-0.08339798 1.294404 -1.367848 5.570181 2.561942 6.1029
-0.0876479 1.28064 -1.367694 5.583072 2.628237 6.032398
-0.09012826 1.263374 -1.369331 5.602262 2.691152 5.948589
-0.09220417 1.246498 -1.370342 5.620363 2.745121 5.874842
-0.09692317 1.233616 -1.370026 5.636501 2.792294 5.826373
-0.1002701 1.223305 -1.369665 5.653331 2.829806 5.790437
-0.1066862 1.212647 -1.368245 5.674493 2.869944 5.762637
-0.1154764 1.201211 -1.363931 5.700018 2.924141 5.735234
-0.1246592 1.18668 -1.35853 5.733178 2.987474 5.696356
-0.1332833 1.169225 -1.350794 5.77775 3.057755 5.649768
-0.1419266 1.151546 -1.34164 5.826427 3.125648 5.608496
-0.1505463 1.133584 -1.332544 5.881662 3.184808 5.574689
-0.1596184 1.119092 -1.323004 5.932371 3.238272 5.553416
-0.1722163 1.104958 -1.30737 5.993184 3.31083 5.546528
-0.1826722 1.091281 -1.289502 6.057644 3.384432 5.541286
-0.1947383 1.078098 -1.267513 6.135819 3.463737 5.542072
-0.2015851 1.06458 -1.248198 6.217866 3.523335 5.537445
-0.2064133 1.052053 -1.228834 0.01377556 3.580833 5.523344
-0.2090365 1.040194 -1.209282 0.08363944 3.648769 5.50194
-0.2097241 1.032392 -1.185575 0.1340887 3.745674 5.479159
-0.2167006 1.037474 -1.156017 0.1467265 3.879973 5.503709
-0.2283643 1.054433 -1.125454 0.1179279 4.017335 5.573519
-0.2414074 1.078511 -1.099656 0.05673207 4.128479 5.653862
-0.252273 1.099307 -1.079254 0.005713405 4.211979 5.708233
-0.2608106 1.115279 -1.068784 6.21693 4.262587 5.721053
-0.2703701 1.123323 -1.066816 6.152394 4.293496 5.688953
-0.2814274 1.13713 -1.066818 6.07247 4.305852 5.664584
-0.2914094 1.152534 -1.063086 6.000413 4.324477 5.666015
-0.2961928 1.174062 -1.057217 5.922163 4.337801 5.703203
-0.2978845 1.19853 -1.044287 5.842081 4.367509 5.745684
-0.2954048 1.224091 -1.030453 5.766504 4.39625 5.80638
-0.2916229 1.248481 -1.021787 5.692936 4.396683 5.875895
-0.2898702 1.267435 -1.021661 5.625883 4.370055 5.926499
-0.2881694 1.284319 -1.024663 5.561386 4.327528 5.974407
-0.2901684 1.305736 -1.044168 5.508353 4.184676 6.075629
-0.2876567 1.327616 -1.060105 5.464283 4.049556 6.197208
-0.2810999 1.348429 -1.080287 5.44025 3.884299 0.05696942
-0.2732001 1.36777 -1.116194 5.460678 3.665164 0.2105632
-0.2653344 1.377847 -1.15331 5.509629 3.47373 0.3195946
-0.2549571 1.376849 -1.186631 5.56112 3.334354 0.3620634
-0.2428112 1.3738 -1.214998 5.602439 3.225417 0.3827292
-0.2258882 1.375761 -1.240978 5.650024 3.106938 0.4389265
-0.1973114 1.379805 -1.268419 5.725876 2.958524 0.5326549
-0.1563374 1.387898 -1.296509 5.845191 2.781011 0.6598901
-0.1089216 1.390632 -1.322739 5.960274 2.604595 0.7458001
-0.06629162 1.387605 -1.337671 6.034254 2.456829 0.7982722
-0.03339145 1.391913 -1.330679 6.007075 2.296789 0.8496435
-0.00267525 1.393198 -1.323096 6.009767 2.157923 0.887004
0.01829904 1.393798 -1.314721 5.973865 2.034275 0.8769117
0.03093714 1.378333 -1.327124 5.953622 1.959795 0.7459225
0.04595897 1.347538 -1.345705 5.974936 1.931203 0.5554212
0.06640494 1.327018 -1.352619 5.991114 1.894171 0.4329842
0.07511533 1.330526 -1.344323 5.973125 1.869018 0.432593
0.08769564 1.336816 -1.331641 5.950784 1.7999 0.4734344
0.09322272 1.342515 -1.324864 5.912636 1.763977 0.4688731
0.09889166 1.338709 -1.32532 5.880977 1.748544 0.4119772
0.0863466 1.328198 -1.338365 5.818741 1.812404 0.299842
0.07024363 1.323651 -1.344522 5.737869 1.884855 0.2148833
0.05630583 1.318355 -1.348909 5.662791 1.959492 0.1282067
0.03755543 1.305031 -1.359616 5.590118 2.081326 6.274916
0.02244161 1.288245 -1.365761 5.540488 2.218856 6.118195
0.00217893 1.261544 -1.372772 5.52296 2.412711 5.915317
-0.01001157 1.240249 -1.377074 5.526367 2.56564 5.753382
-0.02857217 1.215555 -1.376478 5.559845 2.737065 5.607441
-0.04868637 1.189907 -1.371186 5.621837 2.887476 5.504456
-0.06486849 1.166636 -1.364113 5.687388 3.003386 5.429001
-0.08305886 1.145074 -1.355185 5.769835 3.091565 5.410201
-0.1044773 1.123917 -1.338932 5.862666 3.185934 5.417349
-0.1244959 1.101537 -1.316782 5.962374 3.278301 5.430499
-0.1380141 1.081372 -1.296436 6.060931 3.353863 5.442523
-0.1468986 1.058786 -1.27777 6.173156 3.393137 5.461166
-0.1502997 1.035806 -1.258774 0.001516216 3.431437 5.452634
-0.1562327 1.021023 -1.234856 0.1136072 3.482784 5.477936
-0.1633471 1.012484 -1.204629 0.239531 3.546788 5.525977
-0.1663842 1.007369 -1.176368 0.3570254 3.603526 5.574909
-0.1704328 1.006597 -1.15321 0.4554246 3.656084 5.62589
-0.1799302 1.014312 -1.137713 0.5174481 3.691751 5.693484
-0.1930903 1.028394 -1.130273 0.5376784 3.72094 5.754528
-0.1990014 1.036512 -1.124614 0.5211204 3.755894 5.757186
-0.2043597 1.044846 -1.12123 0.4656674 3.79484 5.734904
-0.2105078 1.056521 -1.119475 0.4063378 3.836066 5.735531
-0.2357049 1.094003 -1.130075 0.2121977 3.859689 5.781576
-0.2555324 1.135325 -1.13172 0.03487985 3.89394 5.839226
-0.2663078 1.175031 -1.12905 6.168706 3.927496 5.893178
-0.2740248 1.223371 -1.118405 5.976105 3.96998 5.95911
-0.2728245 1.271945 -1.100473 5.789473 4.010016 6.040579
-0.2627239 1.322634 -1.078337 5.597545 4.034909 6.129592
-0.2387864 1.367271 -1.055366 5.409845 4.037428 6.271367
-0.2101433 1.398131 -1.030293 5.259631 4.023188 0.1417724
-0.1837817 1.436522 -1.014925 5.134936 3.93452 0.3559207
-0.1524931 1.452311 -1.007379 5.056835 3.788331 0.6026278
-0.1312566 1.466152 -1.00695 5.033021 3.603695 0.8559614
-0.1120583 1.478591 -1.015186 5.04042 3.358705 1.138352
-0.1241493 1.496526 -1.048561 5.177694 3.291628 1.12717
-0.1341471 1.511267 -1.082529 5.30018 3.23345 1.11087
-0.1529755 1.512884 -1.132077 5.456456 3.199527 1.036336
-0.1792625 1.502625 -1.198749 5.681627 3.165055 0.8805189
-0.1907066 1.479253 -1.267275 5.88254 3.092398 0.8050045
-0.1805371 1.461726 -1.310937 5.989556 2.976153 0.7802004
-0.1480038 1.461889 -1.332147 6.028449 2.836356 0.8701472
-0.1036984 1.468799 -1.340119 6.053656 2.685141 1.008607
-0.06763947 1.469616 -1.343831 6.084151 2.558108 1.060579
-0.04032795 1.469773 -1.341645 6.100816 2.461346 1.110997
-0.01526035 1.464378 -1.342021 6.154441 2.380839 1.119919
0.01417047 1.460443 -1.346683 6.220498 2.280084 1.051683
0.03850827 1.449804 -1.350759 6.265507 2.15937 0.9803267
0.06581268 1.44528 -1.344048 6.273103 2.009011 0.9294513
0.09026548 1.440459 -1.331505 6.268137 1.864707 0.8847739
0.0978293 1.43833 -1.328735 6.188839 1.761679 0.7753104
0.09650625 1.435324 -1.331712 6.07942 1.70885 0.6514857
0.09093316 1.439348 -1.326769 5.956768 1.664183 0.5887065
0.08090992 1.449736 -1.319938 5.810423 1.626099 0.558902
0.06714813 1.452817 -1.320349 5.666989 1.622869 0.4961801
0.0597996 1.447043 -1.326483 5.551492 1.630384 0.4022461
0.04725682 1.440713 -1.334855 5.444523 1.691957 0.2879418
0.0355821 1.436398 -1.34016 5.350389 1.765805 0.1840599
0.01411641 1.430935 -1.350055 5.279172 1.898466 0.07871249
-0.01640815 1.421513 -1.355673 5.218333 2.132282 6.197366
-0.04901674 1.396212 -1.36606 5.19408 2.479869 5.909164
-0.08544563 1.367832 -1.36991 5.235049 2.849155 5.591138
-0.1072474 1.336017 -1.371473 5.317465 3.114777 5.355764
-0.1202597 1.293083 -1.373433 5.442042 3.27538 5.206322
-0.1276445 1.257787 -1.372934 5.554225 3.347077 5.143436
-0.1407252 1.232422 -1.370068 5.646444 3.371363 5.165462
-0.1623859 1.213093 -1.356368 5.736989 3.394983 5.254531
-0.1803174 1.192536 -1.339269 5.837664 3.435986 5.330422
-0.1967066 1.16775 -1.316052 5.959506 3.476391 5.407225
-0.1993721 1.131712 -1.296156 6.1045 3.517432 5.404852
-0.192625 1.097032 -1.272044 6.256477 3.544747 5.389271
-0.1918428 1.068703 -1.242767 0.1281736 3.568793 5.404932
-0.1909513 1.047484 -1.214895 0.2696682 3.59488 5.422366
-0.1913771 1.031257 -1.190832 0.389129 3.611169 5.435438
-0.194221 1.02216 -1.170763 0.4741536 3.626913 5.455559
-0.2021386 1.021523 -1.151844 0.5169436 3.68134 5.50451
-0.2126086 1.031112 -1.129685 0.5083866 3.804289 5.587322
-0.2256708 1.045787 -1.107306 0.4757009 3.934329 5.691948
-0.2533195 1.088448 -1.088221 0.2863587 4.078792 5.845407
-0.2686307 1.123891 -1.074391 0.1505933 4.158458 5.949758
-0.2801784 1.166004 -1.060729 6.226747 4.225468 6.019831
-0.2832755 1.206172 -1.044968 6.01264 4.285098 6.061559
-0.2808047 1.241631 -1.030558 5.820038 4.330101 6.090599
-0.2708745 1.275138 -1.015995 5.629617 4.370001 6.123273
-0.2500331 1.309304 -0.9999359 5.436287 4.400849 6.151456
-0.235193 1.333207 -0.9905676 5.284544 4.421778 6.168756
-0.2223438 1.356507 -0.9837914 5.152157 4.430132 6.19087
-0.2104851 1.374148 -0.9794041 5.058712 4.388962 6.231933
-0.2001782 1.3916 -0.9806378 4.976094 4.260598 0.07700996
-0.2053013 1.40919 -0.9996859 4.989268 3.934313 0.3286584
-0.2128833 1.425839 -1.024895 5.024938 3.618502 0.5686479
-0.2137871 1.446407 -1.056894 5.110981 3.335414 0.7775199
-0.2073888 1.464057 -1.089432 5.212449 3.134521 0.9150302
-0.2058234 1.475605 -1.140641 5.379618 3.002544 0.9603651
-0.193631 1.481089 -1.194429 5.568151 2.894215 0.9702602
-0.1721744 1.478106 -1.244341 5.749278 2.79254 0.9845694
-0.1468653 1.469049 -1.284077 5.903616 2.698389 1.001162
-0.1131556 1.452787 -1.314311 6.046045 2.597941 1.027203
-0.08058798 1.435055 -1.33165 6.155914 2.496877 1.050832
-0.047754 1.419156 -1.342399 6.232802 2.38448 1.04336
-0.03233644 1.397184 -1.355292 6.260815 2.275554 0.9615014
-0.01048163 1.372037 -1.368183 0.03329773 2.180465 0.8865629
-0.00772097 1.343328 -1.38256 0.03288579 2.132966 0.7393712
-0.003866807 1.311298 -1.390549 0.04743007 2.110849 0.5853372
0.005096644 1.289128 -1.395388 0.035155 2.066999 0.4862708
0.01776788 1.285218 -1.390043 6.264503 2.011209 0.4588886
0.02447283 1.287874 -1.380551 6.194048 1.971768 0.453607
0.02017963 1.282774 -1.37868 6.099988 1.98038 0.3818131
0.01632861 1.271894 -1.378568 6.012995 2.000822 0.2889885
0.006320685 1.261309 -1.379497 5.907609 2.065982 0.1730827
-0.00485158 1.254498 -1.374969 5.792223 2.140126 0.0726786
-0.01454033 1.243823 -1.370674 5.690649 2.23592 6.233279
-0.01891288 1.229576 -1.369849 5.622599 2.342365 6.095205
-0.03133266 1.210749 -1.363047 5.574914 2.515692 5.926156
-0.04335287 1.187058 -1.353027 5.565961 2.711345 5.745452
-0.04953714 1.161239 -1.343842 5.585539 2.87895 5.573329
