-0.04167569 1.354534 -1.278952 5.109071 3.623396 0.139112
-0.04328978 1.352836 -1.282689 5.11745 3.6373 0.1481774
-0.04519427 1.350922 -1.286314 5.129816 3.651502 0.1476584
-0.04796159 1.348067 -1.291914 5.158425 3.671184 0.1163917
-0.0503149 1.345531 -1.296474 5.178476 3.69144 0.09409632
-0.05280864 1.342677 -1.302235 5.202479 3.711492 0.07395215
-0.05550802 1.339273 -1.308257 5.222957 3.721024 0.07004707
-0.05685341 1.335974 -1.315315 5.24773 3.715147 0.08724014
-0.0573523 1.332022 -1.32266 5.273876 3.699624 0.1137239
-0.05735207 1.328119 -1.330006 5.297611 3.678467 0.134027
-0.05625033 1.324416 -1.337314 5.320836 3.652382 0.1534487
-0.05479085 1.320917 -1.3444 5.344389 3.632864 0.1701022
-0.05320537 1.317183 -1.351396 5.370789 3.610651 0.1864609
-0.04893267 1.312618 -1.359299 5.409144 3.567866 0.2139617
-0.04222059 1.308698 -1.367827 5.45139 3.510218 0.2389577
-0.03350437 1.305614 -1.374662 5.484053 3.44156 0.267854
-0.02447128 1.30246 -1.380815 5.512245 3.374188 0.3020201
-0.01196718 1.300819 -1.386007 5.534442 3.292461 0.3549239
0.0002454519 1.300553 -1.388576 5.546885 3.224514 0.4055207
0.01388955 1.300811 -1.388948 5.545783 3.1504 0.4664392
0.02906525 1.30264 -1.388134 5.541524 3.058288 0.555709
0.043432 1.305734 -1.385102 5.541481 2.967682 0.6321276
0.05963528 1.308623 -1.379452 5.532049 2.864778 0.7221053
0.07555914 1.312887 -1.372372 5.528945 2.757446 0.8107759
0.09088242 1.317861 -1.363821 5.533247 2.654596 0.8821483
0.1065248 1.322363 -1.352273 5.535492 2.536154 0.9530819
0.1198117 1.329367 -1.340573 5.536337 2.435199 1.010265
0.1299175 1.338686 -1.327703 5.523091 2.352039 1.073479
0.1398324 1.346046 -1.314857 5.512803 2.259725 1.149317
0.1456144 1.35896 -1.297962 5.479679 2.146678 1.263884
0.151144 1.369214 -1.28279 5.463155 2.034328 1.367497
0.1533667 1.382892 -1.265067 5.422337 1.910239 1.478032
0.1523983 1.397214 -1.24781 5.37637 1.801535 1.565382
0.1494066 1.412203 -1.233177 5.329238 1.726124 1.632929
0.1444143 1.427091 -1.22021 5.274819 1.661806 1.704641
0.1400278 1.440336 -1.206852 5.232784 1.573799 1.792745
0.1321132 1.451967 -1.195206 5.186412 1.474438 1.883537
0.1234939 1.464199 -1.183338 5.149989 1.357758 1.987712
0.1145852 1.474422 -1.172385 5.120389 1.233796 2.113744
0.1067542 1.482608 -1.162782 5.099483 1.100501 2.244666
0.09706068 1.491188 -1.155359 5.079967 1.007715 2.332922
0.08726513 1.497377 -1.150566 5.064435 0.9340266 2.422384
0.07807243 1.504029 -1.143402 5.056483 0.7950073 2.59127
0.06786716 1.507605 -1.139932 5.047826 0.6098105 2.820059
0.05724514 1.512451 -1.134123 5.050907 0.4499892 2.994996
0.04739046 1.515281 -1.132608 5.047837 0.3143489 3.137964
0.03702223 1.518569 -1.130947 5.048983 0.1946693 3.269115
0.02687514 1.520096 -1.131466 5.04229 0.09810524 3.379723
0.01876402 1.521161 -1.134758 5.030607 0.0102644 3.466783
0.009693265 1.522661 -1.139382 5.012872 6.175537 3.595081
0.0005910397 1.523767 -1.144984 5.001414 6.000059 3.797975
-0.008159637 1.52372 -1.151288 5.00238 5.792814 4.019513
-0.01616263 1.524401 -1.157722 5.003162 5.612855 4.202518
-0.02135313 1.52471 -1.169071 4.975286 5.374877 4.460107
-0.02303863 1.5258 -1.184479 4.942458 4.989439 4.885274
-0.02286613 1.526309 -1.203298 4.951401 4.445491 5.476314
-0.01950371 1.523836 -1.224017 5.024946 3.949816 5.983971
-0.009789944 1.521134 -1.240042 5.10329 3.634598 6.233738
0.00366652 1.521233 -1.248582 5.131306 3.367023 0.1080855
0.01639342 1.51978 -1.256573 5.161231 3.154335 0.2652737
0.03591669 1.51848 -1.256465 5.176998 2.879935 0.535641
0.05482221 1.515058 -1.252295 5.211413 2.64797 0.787056
0.07507098 1.515116 -1.243563 5.255178 2.469133 0.9826201
0.08761823 1.515889 -1.233967 5.285793 2.330382 1.118866
0.1001755 1.514232 -1.221932 5.313138 2.224231 1.205078
0.1101552 1.518528 -1.208162 5.311356 2.121754 1.28955
0.1162751 1.523746 -1.192171 5.309594 2.003153 1.400021
0.1222824 1.529651 -1.173303 5.301768 1.843778 1.537067
0.1259937 1.535365 -1.153595 5.301394 1.662841 1.676835
0.1253809 1.541981 -1.13262 5.310456 1.481505 1.810357
0.1267122 1.546924 -1.11