-0.1155083 1.518637 -0.9859121 4.890983 0.1020746 4.076092
-0.1258943 1.515252 -0.9937732 4.889604 6.230939 4.260402
-0.1287609 1.510988 -0.9979924 4.8914 6.151105 4.340925
-0.1338181 1.507342 -1.004799 4.888146 6.062057 4.414781
-0.1332489 1.500127 -1.012385 4.876299 5.960324 4.514464
-0.1348317 1.494094 -1.021373 4.864477 5.831551 4.64788
-0.1375782 1.488809 -1.035585 4.846043 5.620986 4.866321
-0.1386467 1.480938 -1.050448 4.83075 5.315365 5.169233
-0.1384689 1.472767 -1.06396 4.8289 5.003122 5.469529
-0.1381859 1.464939 -1.081841 4.84077 4.676375 5.780197
-0.1398501 1.456827 -1.101264 4.867375 4.414351 6.044291
-0.1370354 1.446238 -1.119268 4.89825 4.250838 6.204271
-0.1296268 1.432068 -1.136494 4.930456 4.124762 0.03580958
-0.1234775 1.419191 -1.155714 4.972174 3.986385 0.1633135
-0.1175448 1.40657 -1.17517 5.021227 3.878637 0.2532722
-0.1058306 1.388937 -1.195757 5.089592 3.740456 0.3644654
-0.09338272 1.373367 -1.217163 5.16714 3.638697 0.4252846
-0.06882071 1.346472 -1.25582 5.302984 3.492621 0.5039272
-0.04988813 1.333945 -1.271385 5.382567 3.450993 0.5143512
-0.008444786 1.308442 -1.293325 5.498423 3.298791 0.5762429
0.0194813 1.301694 -1.299328 5.549164 3.204773 0.6088848
0.04568863 1.292361 -1.305756 5.595954 3.114501 0.6505908
0.07515061 1.285745 -1.307221 5.636937 2.9959 0.7336926
0.1065278 1.28319 -1.30484 5.665701 2.893633 0.8398948
0.1349717 1.279473 -1.30268 5.696564 2.799954 0.9488313
0.1622236 1.288172 -1.291272 5.699144 2.657866 1.088486
0.1941658 1.293065 -1.278239 5.716312 2.552104 1.174567
0.2211844 1.298197 -1.266973 5.733044 2.463157 1.223916
0.2407745 1.31464 -1.252331 5.722676 2.373709 1.236071
0.2602482 1.327659 -1.23623 5.707206 2.284098 1.265285
0.2803885 1.340273 -1.219371 5.705436 2.193561 1.311583
0.2881417 1.364343 -1.199716 5.680317 2.09092 1.389705
0.3040878 1.376446 -1.182106 5.651609 1.995685 1.471149
0.3104661 1.403125 -1.157698 5.573125 1.91201 1.553314
0.3144058 1.427636 -1.137148 5.526097 1.820174 1.620459
0.3160337 1.452387 -1.113108 5.469187 1.724311 1.707499
0.3173685 1.474314 -1.088531 5.424163 1.628276 1.787192
0.3107156 1.499245 -1.065826 5.390615 1.529712 1.860926
0.3051549 1.52106 -1.040632 5.369032 1.408966 1.963386
0.3038107 1.538211 -1.0157 5.361868 1.286675 2.072001
0.2956282 1.554021 -0.9902969 5.366648 1.156398 2.193102
0.2877283 1.571553 -0.9666054 5.377154 1.043939 2.305432
0.2813812 1.583899 -0.9433408 5.392072 0.950229 2.418882
0.2750956 1.593566 -0.9201653 5.411749 0.8467668 2.530166
0.262255 1.604833 -0.8986951 5.435989 0.7470138 2.63228
0.2534213 1.613659 -0.8773768 5.461643 0.6641864 2.712033
0.2477707 1.617947 -0.8574207 5.483412 0.6024249 2.76779
0.2361901 1.625341 -0.8393065 5.511425 0.5402322 2.825478
0.2240254 1.627306 -0.8231423 5.531613 0.4808464 2.873794
0.212871 1.630269 -0.8058648 5.561117 0.4168327 2.929834
0.2056665 1.628209 -0.7907137 5.587381 0.3608266 2.973954
0.1950415 1.628772 -0.77599 5.613097 0.3175297 3.012459
0.1864475 1.627404 -0.7620836 5.640464 0.2829492 3.047373
0.1784117 1.62329 -0.7511897 5.665659 0.2679588 3.074935
0.1689016 1.618709 -0.7410275 5.692027 0.2422078 3.107053
0.1589235 1.612518 -0.7314126 5.724262 0.2050779 3.13481
0.1502744 1.607415 -0.721334 5.75636 0.1735142 3.157901
0.1408807 1.600486 -0.7151127 5.780849 0.1437379 3.184288
0.1308784 1.593854 -0.709815 5.797896 0.1176568 3.212454
0.122084 1.587706 -0.7071451 5.80654 0.09544772 3.232941
0.113591 1.581728 -0.7044306 5.813239 0.07339339 3.252251
0.1067045 1.575951 -0.7044654 5.802318 0.06493474 3.259217
0.1008923 1.571541 -0.7074594 5.787885 0.06798933 3.262334
0.09585011 1.566796 -0.7117637 5.774716 0.06926771 3.280483
0.09108353 1.561026 -0.7162796 5.770046 0.05783417 3.314939
0.08418965 1.556682 -0.7215019 5.770985 0.04090309 3.346991
0.07840395 1.552106 -0.7299427 5.765458 0.01732752 3.371303
0.07647276 1.545204 -0.7351134 5.754109 6.283056 3.38611
0.07113612 1.54434 -0.7519272 5.715539 6.27118 3.398493
0.06706154 1.542542 -0.7653373 5.681356 6.262771 3.415676
0.06813443 1.540509 -0.7840139 5.616004 6.268025 3.422633
0.06311905 1.539816 -0.8034476 5.562541 6.26298 3.432504
0.06026161 1.538735 -0.8267486 5.495563 6.25279 3.445234
0.05565619 1.53661 -0.8501175 5.438441 6.22961 3.473121
0.05008769 1.533374 -0.8809419 5.370855 6.182745 3.531856
0.04675114 1.529124 -0.9106878 5.303564 6.140848 3.572024
0.04291594 1.525161 -0.9421336 5.227107 6.103208 3.602379
0.03701127 1.520709 -0.982312 5.120958 6.057132 3.645344
0.03583395 1.513811 -1.023932 5.004774 5.972991 3.743255
0.03056014 1.506603 -1.070701 4.879389 5.712967 4.013976
0.0252831 1.495234 -1.117477 4.803221 4.708271 5.020871
0.02397597 1.477915 -1.168392 4.902734 3.594819 6.144571
0.0137552 1.461277 -1.220569 5.056916 3.394498 0.08883283
0.006275773 1.436818 -1.265466 5.203071 3.355217 0.1525281
-0.001699567 1.407543 -1.297307 5.337423 3.41761 0.083055
-0.005710959 1.375346 -1.324494 5.492771 3.442996 0.02946477
-0.01937902 1.346793 -1.344388 5.668951 3.471015 6.243505
-0.0233804 1.325672 -1.350252 5.772336 3.461166 6.24025
-0.02167618 1.305924 -1.351035 5.815707 3.449089 6.278869
-0.02565968 1.314275 -1.342404 5.691871 3.457164 0.1469436
-0.02044952 1.325925 -1.329034 5.548922 3.436117 0.1919245
-0.01999795 1.33301 -1.316918 5.485466 3.442196 0.1159935
-0.01004314 1.340802 -1.311506 5.509198 3.450745 0.01297582
-0.01121652 1.341261 -1.314433 5.545506 3.440396 0.002873297
-0.01158166 1.340038 -1.318013 5.564308 3.441444 0.03547942
-0.0101862 1.330137 -1.322173 5.573888 3.452543 0.0338848
-0.0102514 1.327198 -1.323327 5.588925 3.467721 0.03210464
-0.01056993 1.328466 -1.324262 5.597703 3.470392 0.03044349
-0.01161909 1.324703 -1.327068 5.597426 3.470421 0.02226194
-0.009109139 1.327569 -1.324627 5.577318 3.463541 0.01781176
-0.00763309 1.33169 -1.32234 5.556032 3.457389 0.01760816
-0.006898165 1.3332 -1.321743 5.546366 3.451387 0.01844624
-0.00458777 1.334463 -1.321626 5.546165 3.432682 0.03056629
-0.002693653 1.335703 -1.32083 5.546703 3.418886 0.05372022
-0.002342224 1.337109 -1.320751 5.545906 3.414884 0.06019497
-0.002923846 1.337982 -1.32008 5.543136 3.421117 0.04559148
-0.005202413 1.339059 -1.3194 5.541463 3.432869 0.02879571
-0.006753564 1.339369 -1.319876 5.547476 3.443104 0.02432639
-0.008682728 1.339232 -1.32036 5.551366 3.456595 0.01437157
-0.01066208 1.339589 -1.319785 5.552238 3.465989 0.009709186
-0.01099348 1.339674 -1.319722 5.554792 3.463547 0.01431963
-0.01022613 1.339277 -1.320369 5.562469 3.445812 0.02140118
-0.01001632 1.339147 -1.320369 5.567451 3.43488 0.01812489
-0.008854747 1.33911 -1.31972 5.568244 3.427324 0.01845691
-0.008404136 1.338988 -1.319818 5.570378 3.417741 0.02425707
-0.007137656 1.33881 -1.319818 5.570711 3.406687 0.03448049
-0.007495522 1.33803 -1.320463 5.573901 3.404333 0.03812838
-0.008998632 1.337019 -1.321382 5.582181 3.411825 0.03785216
-0.01115513 1.336653 -1.321904 5.585904 3.425837 0.03584938
-0.01402116 1.337321 -1.321119 5.5831 3.451714 0.02617505
-0.01708996 1.337388 -1.320631 5.584624 3.474253 0.002663155
-0.02016723 1.337297 -1.319738 5.593497 3.490906 6.258565
